/*--------------------------------*- C++ -*----------------------------------*\
  =========                 |
  \\      /  F ield         | OpenFOAM: The Open Source CFD Toolbox
   \\    /   O peration     | Website:  https://openfoam.org
    \\  /    A nd           | Version:  7
     \\/     M anipulation  |
\*---------------------------------------------------------------------------*/
FoamFile
{
    version     2.0;
    format      ascii;
    class       vectorField;
    location    "constant/polyMesh";
    object      points;
}
// * * * * * * * * * * * * * * * * * * * * * * * * * * * * * * * * * * * * * //


9136
(
(0 0 0)
(5 0 0)
(10 0 0)
(15 0 0)
(20 0 0)
(25 0 0)
(30 0 0)
(35 0 0)
(0 5 0)
(5 5 0)
(10 5 0)
(15 5 0)
(20 5 0)
(25 5 0)
(30 5 0)
(35 5 0)
(0 10 0)
(5 10 0)
(10 10 0)
(15 10 0)
(20 10 0)
(25 10 0)
(30 10 0)
(35 10 0)
(0 15 0)
(5 15 0)
(10 15 0)
(15 15 0)
(20 15 0)
(25 15 0)
(30 15 0)
(35 15 0)
(0 20 0)
(5 20 0)
(10 20 0)
(15 20 0)
(20 20 0)
(25 20 0)
(30 20 0)
(35 20 0)
(0 25 0)
(5 25 0)
(10 25 0)
(15 25 0)
(20 25 0)
(25 25 0)
(30 25 0)
(35 25 0)
(0 30 0)
(5 30 0)
(10 30 0)
(15 30 0)
(20 30 0)
(25 30 0)
(30 30 0)
(35 30 0)
(0 35 0)
(5 35 0)
(10 35 0)
(15 35 0)
(20 35 0)
(25 35 0)
(30 35 0)
(35 35 0)
(0 0 5)
(5 0 5)
(10 0 5)
(15 0 5)
(20 0 5)
(25 0 5)
(30 0 5)
(35 0 5)
(0 5 5)
(5 5 5)
(10 5 5)
(15 5 5)
(20 5 5)
(25 5 5)
(30 5 5)
(35 5 5)
(0 10 5)
(5 10 5)
(10 10 5)
(15 10 5)
(20 10 5)
(25 10 5)
(30 10 5)
(35 10 5)
(0 15 5)
(5 15 5)
(10 15 5)
(15 15 5)
(20 15 5)
(25 15 5)
(30 15 5)
(35 15 5)
(0 20 5)
(5 20 5)
(10 20 5)
(15 20 5)
(20 20 5)
(25 20 5)
(30 20 5)
(35 20 5)
(0 25 5)
(5 25 5)
(10 25 5)
(15 25 5)
(20 25 5)
(25 25 5)
(30 25 5)
(35 25 5)
(0 30 5)
(5 30 5)
(10 30 5)
(15 30 5)
(20 30 5)
(25 30 5)
(30 30 5)
(35 30 5)
(0 35 5)
(5 35 5)
(10 35 5)
(15 35 5)
(20 35 5)
(25 35 5)
(30 35 5)
(35 35 5)
(0 0 10)
(5 0 10)
(10 0 10)
(15 0 10)
(20 0 10)
(25 0 10)
(30 0 10)
(35 0 10)
(0 5 10)
(5 5 10)
(10 5 10)
(15 5 10)
(20 5 10)
(25 5 10)
(30 5 10)
(35 5 10)
(0 10 10)
(5 10 10)
(10 10 10)
(15 10 10)
(20 10 10)
(25 10 10)
(30 10 10)
(35 10 10)
(0 15 10)
(5 15 10)
(10 15 10)
(15 15 10)
(20 15 10)
(25 15 10)
(30 15 10)
(35 15 10)
(0 20 10)
(5 20 10)
(10 20 10)
(15 20 10)
(20 20 10)
(25 20 10)
(30 20 10)
(35 20 10)
(0 25 10)
(5 25 10)
(10 25 10)
(15 25 10)
(20 25 10)
(25 25 10)
(30 25 10)
(35 25 10)
(0 30 10)
(5 30 10)
(10 30 10)
(15 30 10)
(20 30 10)
(25 30 10)
(30 30 10)
(35 30 10)
(0 35 10)
(5 35 10)
(10 35 10)
(15 35 10)
(20 35 10)
(25 35 10)
(30 35 10)
(35 35 10)
(0 0 15)
(5 0 15)
(10 0 15)
(15 0 15)
(20 0 15)
(25 0 15)
(30 0 15)
(35 0 15)
(0 5 15)
(5 5 15)
(10 5 15)
(15 5 15)
(20 5 15)
(25 5 15)
(30 5 15)
(35 5 15)
(0 10 15)
(5 10 15)
(10 10 15)
(15 10 15)
(20 10 15)
(25 10 15)
(30 10 15)
(35 10 15)
(0 15 15)
(5 15 15)
(10 15 15)
(15 15 15)
(20 15 15)
(25 15 15)
(30 15 15)
(35 15 15)
(0 20 15)
(5 20 15)
(10 20 15)
(15 20 15)
(20 20 15)
(25 20 15)
(30 20 15)
(35 20 15)
(0 25 15)
(5 25 15)
(10 25 15)
(15 25 15)
(20 25 15)
(25 25 15)
(30 25 15)
(35 25 15)
(0 30 15)
(5 30 15)
(10 30 15)
(15 30 15)
(20 30 15)
(25 30 15)
(30 30 15)
(35 30 15)
(0 35 15)
(5 35 15)
(10 35 15)
(15 35 15)
(20 35 15)
(25 35 15)
(30 35 15)
(35 35 15)
(0 0 20)
(5 0 20)
(10 0 20)
(15 0 20)
(20 0 20)
(25 0 20)
(30 0 20)
(35 0 20)
(0 5 20)
(5 5 20)
(10 5 20)
(15 5 20)
(20 5 20)
(25 5 20)
(30 5 20)
(35 5 20)
(0 10 20)
(5 10 20)
(10 10 20)
(15 10 20)
(20 10 20)
(25 10 20)
(30 10 20)
(35 10 20)
(0 15 20)
(5 15 20)
(10 15 20)
(15 15 20)
(20 15 20)
(25 15 20)
(30 15 20)
(35 15 20)
(0 20 20)
(5 20 20)
(10 20 20)
(15 20 20)
(20 20 20)
(25 20 20)
(30 20 20)
(35 20 20)
(0 25 20)
(5 25 20)
(10 25 20)
(15 25 20)
(20 25 20)
(25 25 20)
(30 25 20)
(35 25 20)
(0 30 20)
(5 30 20)
(10 30 20)
(15 30 20)
(20 30 20)
(25 30 20)
(30 30 20)
(35 30 20)
(0 35 20)
(5 35 20)
(10 35 20)
(15 35 20)
(20 35 20)
(25 35 20)
(30 35 20)
(35 35 20)
(40 0 0)
(45 0 0)
(50 0 0)
(55 0 0)
(60 0 0)
(65 0 0)
(40 5 0)
(45 5 0)
(50 5 0)
(55 5 0)
(60 5 0)
(65 5 0)
(40 10 0)
(45 10 0)
(50 10 0)
(55 10 0)
(60 10 0)
(65 10 0)
(40 15 0)
(45 15 0)
(50 15 0)
(55 15 0)
(60 15 0)
(65 15 0)
(40 20 0)
(45 20 0)
(50 20 0)
(55 20 0)
(60 20 0)
(65 20 0)
(40 25 0)
(45 25 0)
(50 25 0)
(55 25 0)
(60 25 0)
(65 25 0)
(40 30 0)
(45 30 0)
(50 30 0)
(55 30 0)
(60 30 0)
(65 30 0)
(40 35 0)
(45 35 0)
(50 35 0)
(55 35 0)
(60 35 0)
(65 35 0)
(40 0 5)
(45 0 5)
(50 0 5)
(55 0 5)
(60 0 5)
(65 0 5)
(40 5 5)
(45 5 5)
(50 5 5)
(55 5 5)
(60 5 5)
(65 5 5)
(40 10 5)
(45 10 5)
(50 10 5)
(55 10 5)
(60 10 5)
(65 10 5)
(40 15 5)
(45 15 5)
(50 15 5)
(55 15 5)
(60 15 5)
(65 15 5)
(40 20 5)
(45 20 5)
(50 20 5)
(55 20 5)
(60 20 5)
(65 20 5)
(40 25 5)
(45 25 5)
(50 25 5)
(55 25 5)
(60 25 5)
(65 25 5)
(40 30 5)
(45 30 5)
(50 30 5)
(55 30 5)
(60 30 5)
(65 30 5)
(40 35 5)
(45 35 5)
(50 35 5)
(55 35 5)
(60 35 5)
(65 35 5)
(40 0 10)
(45 0 10)
(50 0 10)
(55 0 10)
(60 0 10)
(65 0 10)
(40 5 10)
(45 5 10)
(50 5 10)
(55 5 10)
(60 5 10)
(65 5 10)
(40 10 10)
(45 10 10)
(50 10 10)
(55 10 10)
(60 10 10)
(65 10 10)
(40 15 10)
(45 15 10)
(50 15 10)
(55 15 10)
(60 15 10)
(65 15 10)
(40 20 10)
(45 20 10)
(50 20 10)
(55 20 10)
(60 20 10)
(65 20 10)
(40 25 10)
(45 25 10)
(50 25 10)
(55 25 10)
(60 25 10)
(65 25 10)
(40 30 10)
(45 30 10)
(50 30 10)
(55 30 10)
(60 30 10)
(65 30 10)
(40 35 10)
(45 35 10)
(50 35 10)
(55 35 10)
(60 35 10)
(65 35 10)
(40 0 15)
(45 0 15)
(50 0 15)
(55 0 15)
(60 0 15)
(65 0 15)
(40 5 15)
(45 5 15)
(50 5 15)
(55 5 15)
(60 5 15)
(65 5 15)
(40 10 15)
(45 10 15)
(50 10 15)
(55 10 15)
(60 10 15)
(65 10 15)
(40 15 15)
(45 15 15)
(50 15 15)
(55 15 15)
(60 15 15)
(65 15 15)
(40 20 15)
(45 20 15)
(50 20 15)
(55 20 15)
(60 20 15)
(65 20 15)
(40 25 15)
(45 25 15)
(50 25 15)
(55 25 15)
(60 25 15)
(65 25 15)
(40 30 15)
(45 30 15)
(50 30 15)
(55 30 15)
(60 30 15)
(65 30 15)
(40 35 15)
(45 35 15)
(50 35 15)
(55 35 15)
(60 35 15)
(65 35 15)
(40 0 20)
(45 0 20)
(50 0 20)
(55 0 20)
(60 0 20)
(65 0 20)
(40 5 20)
(45 5 20)
(50 5 20)
(55 5 20)
(60 5 20)
(65 5 20)
(40 10 20)
(45 10 20)
(50 10 20)
(55 10 20)
(60 10 20)
(65 10 20)
(40 15 20)
(45 15 20)
(50 15 20)
(55 15 20)
(60 15 20)
(65 15 20)
(40 20 20)
(45 20 20)
(50 20 20)
(55 20 20)
(60 20 20)
(65 20 20)
(40 25 20)
(45 25 20)
(50 25 20)
(55 25 20)
(60 25 20)
(65 25 20)
(40 30 20)
(45 30 20)
(50 30 20)
(55 30 20)
(60 30 20)
(65 30 20)
(40 35 20)
(45 35 20)
(50 35 20)
(55 35 20)
(60 35 20)
(65 35 20)
(70 0 0)
(75 0 0)
(80 0 0)
(85 0 0)
(90 0 0)
(95 0 0)
(100 0 0)
(70 5 0)
(75 5 0)
(80 5 0)
(85 5 0)
(90 5 0)
(95 5 0)
(100 5 0)
(70 10 0)
(75 10 0)
(80 10 0)
(85 10 0)
(90 10 0)
(95 10 0)
(100 10 0)
(70 15 0)
(75 15 0)
(80 15 0)
(85 15 0)
(90 15 0)
(95 15 0)
(100 15 0)
(70 20 0)
(75 20 0)
(80 20 0)
(85 20 0)
(90 20 0)
(95 20 0)
(100 20 0)
(70 25 0)
(75 25 0)
(80 25 0)
(85 25 0)
(90 25 0)
(95 25 0)
(100 25 0)
(70 30 0)
(75 30 0)
(80 30 0)
(85 30 0)
(90 30 0)
(95 30 0)
(100 30 0)
(70 35 0)
(75 35 0)
(80 35 0)
(85 35 0)
(90 35 0)
(95 35 0)
(100 35 0)
(70 0 5)
(75 0 5)
(80 0 5)
(85 0 5)
(90 0 5)
(95 0 5)
(100 0 5)
(70 5 5)
(75 5 5)
(80 5 5)
(85 5 5)
(90 5 5)
(95 5 5)
(100 5 5)
(70 10 5)
(75 10 5)
(80 10 5)
(85 10 5)
(90 10 5)
(95 10 5)
(100 10 5)
(70 15 5)
(75 15 5)
(80 15 5)
(85 15 5)
(90 15 5)
(95 15 5)
(100 15 5)
(70 20 5)
(75 20 5)
(80 20 5)
(85 20 5)
(90 20 5)
(95 20 5)
(100 20 5)
(70 25 5)
(75 25 5)
(80 25 5)
(85 25 5)
(90 25 5)
(95 25 5)
(100 25 5)
(70 30 5)
(75 30 5)
(80 30 5)
(85 30 5)
(90 30 5)
(95 30 5)
(100 30 5)
(70 35 5)
(75 35 5)
(80 35 5)
(85 35 5)
(90 35 5)
(95 35 5)
(100 35 5)
(70 0 10)
(75 0 10)
(80 0 10)
(85 0 10)
(90 0 10)
(95 0 10)
(100 0 10)
(70 5 10)
(75 5 10)
(80 5 10)
(85 5 10)
(90 5 10)
(95 5 10)
(100 5 10)
(70 10 10)
(75 10 10)
(80 10 10)
(85 10 10)
(90 10 10)
(95 10 10)
(100 10 10)
(70 15 10)
(75 15 10)
(80 15 10)
(85 15 10)
(90 15 10)
(95 15 10)
(100 15 10)
(70 20 10)
(75 20 10)
(80 20 10)
(85 20 10)
(90 20 10)
(95 20 10)
(100 20 10)
(70 25 10)
(75 25 10)
(80 25 10)
(85 25 10)
(90 25 10)
(95 25 10)
(100 25 10)
(70 30 10)
(75 30 10)
(80 30 10)
(85 30 10)
(90 30 10)
(95 30 10)
(100 30 10)
(70 35 10)
(75 35 10)
(80 35 10)
(85 35 10)
(90 35 10)
(95 35 10)
(100 35 10)
(70 0 15)
(75 0 15)
(80 0 15)
(85 0 15)
(90 0 15)
(95 0 15)
(100 0 15)
(70 5 15)
(75 5 15)
(80 5 15)
(85 5 15)
(90 5 15)
(95 5 15)
(100 5 15)
(70 10 15)
(75 10 15)
(80 10 15)
(85 10 15)
(90 10 15)
(95 10 15)
(100 10 15)
(70 15 15)
(75 15 15)
(80 15 15)
(85 15 15)
(90 15 15)
(95 15 15)
(100 15 15)
(70 20 15)
(75 20 15)
(80 20 15)
(85 20 15)
(90 20 15)
(95 20 15)
(100 20 15)
(70 25 15)
(75 25 15)
(80 25 15)
(85 25 15)
(90 25 15)
(95 25 15)
(100 25 15)
(70 30 15)
(75 30 15)
(80 30 15)
(85 30 15)
(90 30 15)
(95 30 15)
(100 30 15)
(70 35 15)
(75 35 15)
(80 35 15)
(85 35 15)
(90 35 15)
(95 35 15)
(100 35 15)
(70 0 20)
(75 0 20)
(80 0 20)
(85 0 20)
(90 0 20)
(95 0 20)
(100 0 20)
(70 5 20)
(75 5 20)
(80 5 20)
(85 5 20)
(90 5 20)
(95 5 20)
(100 5 20)
(70 10 20)
(75 10 20)
(80 10 20)
(85 10 20)
(90 10 20)
(95 10 20)
(100 10 20)
(70 15 20)
(75 15 20)
(80 15 20)
(85 15 20)
(90 15 20)
(95 15 20)
(100 15 20)
(70 20 20)
(75 20 20)
(80 20 20)
(85 20 20)
(90 20 20)
(95 20 20)
(100 20 20)
(70 25 20)
(75 25 20)
(80 25 20)
(85 25 20)
(90 25 20)
(95 25 20)
(100 25 20)
(70 30 20)
(75 30 20)
(80 30 20)
(85 30 20)
(90 30 20)
(95 30 20)
(100 30 20)
(70 35 20)
(75 35 20)
(80 35 20)
(85 35 20)
(90 35 20)
(95 35 20)
(100 35 20)
(0 40 0)
(5 40 0)
(10 40 0)
(15 40 0)
(20 40 0)
(25 40 0)
(30 40 0)
(35 40 0)
(0 45 0)
(5 45 0)
(10 45 0)
(15 45 0)
(20 45 0)
(25 45 0)
(30 45 0)
(35 45 0)
(0 50 0)
(5 50 0)
(10 50 0)
(15 50 0)
(20 50 0)
(25 50 0)
(30 50 0)
(35 50 0)
(0 55 0)
(5 55 0)
(10 55 0)
(15 55 0)
(20 55 0)
(25 55 0)
(30 55 0)
(35 55 0)
(0 60 0)
(5 60 0)
(10 60 0)
(15 60 0)
(20 60 0)
(25 60 0)
(30 60 0)
(35 60 0)
(0 65 0)
(5 65 0)
(10 65 0)
(15 65 0)
(20 65 0)
(25 65 0)
(30 65 0)
(35 65 0)
(0 40 5)
(5 40 5)
(10 40 5)
(15 40 5)
(20 40 5)
(25 40 5)
(30 40 5)
(35 40 5)
(0 45 5)
(5 45 5)
(10 45 5)
(15 45 5)
(20 45 5)
(25 45 5)
(30 45 5)
(35 45 5)
(0 50 5)
(5 50 5)
(10 50 5)
(15 50 5)
(20 50 5)
(25 50 5)
(30 50 5)
(35 50 5)
(0 55 5)
(5 55 5)
(10 55 5)
(15 55 5)
(20 55 5)
(25 55 5)
(30 55 5)
(35 55 5)
(0 60 5)
(5 60 5)
(10 60 5)
(15 60 5)
(20 60 5)
(25 60 5)
(30 60 5)
(35 60 5)
(0 65 5)
(5 65 5)
(10 65 5)
(15 65 5)
(20 65 5)
(25 65 5)
(30 65 5)
(35 65 5)
(0 40 10)
(5 40 10)
(10 40 10)
(15 40 10)
(20 40 10)
(25 40 10)
(30 40 10)
(35 40 10)
(0 45 10)
(5 45 10)
(10 45 10)
(15 45 10)
(20 45 10)
(25 45 10)
(30 45 10)
(35 45 10)
(0 50 10)
(5 50 10)
(10 50 10)
(15 50 10)
(20 50 10)
(25 50 10)
(30 50 10)
(35 50 10)
(0 55 10)
(5 55 10)
(10 55 10)
(15 55 10)
(20 55 10)
(25 55 10)
(30 55 10)
(35 55 10)
(0 60 10)
(5 60 10)
(10 60 10)
(15 60 10)
(20 60 10)
(25 60 10)
(30 60 10)
(35 60 10)
(0 65 10)
(5 65 10)
(10 65 10)
(15 65 10)
(20 65 10)
(25 65 10)
(30 65 10)
(35 65 10)
(0 40 15)
(5 40 15)
(10 40 15)
(15 40 15)
(20 40 15)
(25 40 15)
(30 40 15)
(35 40 15)
(0 45 15)
(5 45 15)
(10 45 15)
(15 45 15)
(20 45 15)
(25 45 15)
(30 45 15)
(35 45 15)
(0 50 15)
(5 50 15)
(10 50 15)
(15 50 15)
(20 50 15)
(25 50 15)
(30 50 15)
(35 50 15)
(0 55 15)
(5 55 15)
(10 55 15)
(15 55 15)
(20 55 15)
(25 55 15)
(30 55 15)
(35 55 15)
(0 60 15)
(5 60 15)
(10 60 15)
(15 60 15)
(20 60 15)
(25 60 15)
(30 60 15)
(35 60 15)
(0 65 15)
(5 65 15)
(10 65 15)
(15 65 15)
(20 65 15)
(25 65 15)
(30 65 15)
(35 65 15)
(0 40 20)
(5 40 20)
(10 40 20)
(15 40 20)
(20 40 20)
(25 40 20)
(30 40 20)
(35 40 20)
(0 45 20)
(5 45 20)
(10 45 20)
(15 45 20)
(20 45 20)
(25 45 20)
(30 45 20)
(35 45 20)
(0 50 20)
(5 50 20)
(10 50 20)
(15 50 20)
(20 50 20)
(25 50 20)
(30 50 20)
(35 50 20)
(0 55 20)
(5 55 20)
(10 55 20)
(15 55 20)
(20 55 20)
(25 55 20)
(30 55 20)
(35 55 20)
(0 60 20)
(5 60 20)
(10 60 20)
(15 60 20)
(20 60 20)
(25 60 20)
(30 60 20)
(35 60 20)
(0 65 20)
(5 65 20)
(10 65 20)
(15 65 20)
(20 65 20)
(25 65 20)
(30 65 20)
(35 65 20)
(40 40 0)
(45 40 0)
(50 40 0)
(55 40 0)
(60 40 0)
(65 40 0)
(40 45 0)
(45 45 0)
(50 45 0)
(55 45 0)
(60 45 0)
(65 45 0)
(40 50 0)
(45 50 0)
(50 50 0)
(55 50 0)
(60 50 0)
(65 50 0)
(40 55 0)
(45 55 0)
(50 55 0)
(55 55 0)
(60 55 0)
(65 55 0)
(40 60 0)
(45 60 0)
(50 60 0)
(55 60 0)
(60 60 0)
(65 60 0)
(40 65 0)
(45 65 0)
(50 65 0)
(55 65 0)
(60 65 0)
(65 65 0)
(40 40 5)
(45 40 5)
(50 40 5)
(55 40 5)
(60 40 5)
(65 40 5)
(40 45 5)
(45 45 5)
(50 45 5)
(55 45 5)
(60 45 5)
(65 45 5)
(40 50 5)
(45 50 5)
(50 50 5)
(55 50 5)
(60 50 5)
(65 50 5)
(40 55 5)
(45 55 5)
(50 55 5)
(55 55 5)
(60 55 5)
(65 55 5)
(40 60 5)
(45 60 5)
(50 60 5)
(55 60 5)
(60 60 5)
(65 60 5)
(40 65 5)
(45 65 5)
(50 65 5)
(55 65 5)
(60 65 5)
(65 65 5)
(40 40 10)
(45 40 10)
(50 40 10)
(55 40 10)
(60 40 10)
(65 40 10)
(40 45 10)
(45 45 10)
(50 45 10)
(55 45 10)
(60 45 10)
(65 45 10)
(40 50 10)
(45 50 10)
(50 50 10)
(55 50 10)
(60 50 10)
(65 50 10)
(40 55 10)
(45 55 10)
(50 55 10)
(55 55 10)
(60 55 10)
(65 55 10)
(40 60 10)
(45 60 10)
(50 60 10)
(55 60 10)
(60 60 10)
(65 60 10)
(40 65 10)
(45 65 10)
(50 65 10)
(55 65 10)
(60 65 10)
(65 65 10)
(40 40 15)
(45 40 15)
(50 40 15)
(55 40 15)
(60 40 15)
(65 40 15)
(40 45 15)
(45 45 15)
(50 45 15)
(55 45 15)
(60 45 15)
(65 45 15)
(40 50 15)
(45 50 15)
(50 50 15)
(55 50 15)
(60 50 15)
(65 50 15)
(40 55 15)
(45 55 15)
(50 55 15)
(55 55 15)
(60 55 15)
(65 55 15)
(40 60 15)
(45 60 15)
(50 60 15)
(55 60 15)
(60 60 15)
(65 60 15)
(40 65 15)
(45 65 15)
(50 65 15)
(55 65 15)
(60 65 15)
(65 65 15)
(40 40 20)
(45 40 20)
(50 40 20)
(55 40 20)
(60 40 20)
(65 40 20)
(40 45 20)
(45 45 20)
(50 45 20)
(55 45 20)
(60 45 20)
(65 45 20)
(40 50 20)
(45 50 20)
(50 50 20)
(55 50 20)
(60 50 20)
(65 50 20)
(40 55 20)
(45 55 20)
(50 55 20)
(55 55 20)
(60 55 20)
(65 55 20)
(40 60 20)
(45 60 20)
(50 60 20)
(55 60 20)
(60 60 20)
(65 60 20)
(40 65 20)
(45 65 20)
(50 65 20)
(55 65 20)
(60 65 20)
(65 65 20)
(70 40 0)
(75 40 0)
(80 40 0)
(85 40 0)
(90 40 0)
(95 40 0)
(100 40 0)
(70 45 0)
(75 45 0)
(80 45 0)
(85 45 0)
(90 45 0)
(95 45 0)
(100 45 0)
(70 50 0)
(75 50 0)
(80 50 0)
(85 50 0)
(90 50 0)
(95 50 0)
(100 50 0)
(70 55 0)
(75 55 0)
(80 55 0)
(85 55 0)
(90 55 0)
(95 55 0)
(100 55 0)
(70 60 0)
(75 60 0)
(80 60 0)
(85 60 0)
(90 60 0)
(95 60 0)
(100 60 0)
(70 65 0)
(75 65 0)
(80 65 0)
(85 65 0)
(90 65 0)
(95 65 0)
(100 65 0)
(70 40 5)
(75 40 5)
(80 40 5)
(85 40 5)
(90 40 5)
(95 40 5)
(100 40 5)
(70 45 5)
(75 45 5)
(80 45 5)
(85 45 5)
(90 45 5)
(95 45 5)
(100 45 5)
(70 50 5)
(75 50 5)
(80 50 5)
(85 50 5)
(90 50 5)
(95 50 5)
(100 50 5)
(70 55 5)
(75 55 5)
(80 55 5)
(85 55 5)
(90 55 5)
(95 55 5)
(100 55 5)
(70 60 5)
(75 60 5)
(80 60 5)
(85 60 5)
(90 60 5)
(95 60 5)
(100 60 5)
(70 65 5)
(75 65 5)
(80 65 5)
(85 65 5)
(90 65 5)
(95 65 5)
(100 65 5)
(70 40 10)
(75 40 10)
(80 40 10)
(85 40 10)
(90 40 10)
(95 40 10)
(100 40 10)
(70 45 10)
(75 45 10)
(80 45 10)
(85 45 10)
(90 45 10)
(95 45 10)
(100 45 10)
(70 50 10)
(75 50 10)
(80 50 10)
(85 50 10)
(90 50 10)
(95 50 10)
(100 50 10)
(70 55 10)
(75 55 10)
(80 55 10)
(85 55 10)
(90 55 10)
(95 55 10)
(100 55 10)
(70 60 10)
(75 60 10)
(80 60 10)
(85 60 10)
(90 60 10)
(95 60 10)
(100 60 10)
(70 65 10)
(75 65 10)
(80 65 10)
(85 65 10)
(90 65 10)
(95 65 10)
(100 65 10)
(70 40 15)
(75 40 15)
(80 40 15)
(85 40 15)
(90 40 15)
(95 40 15)
(100 40 15)
(70 45 15)
(75 45 15)
(80 45 15)
(85 45 15)
(90 45 15)
(95 45 15)
(100 45 15)
(70 50 15)
(75 50 15)
(80 50 15)
(85 50 15)
(90 50 15)
(95 50 15)
(100 50 15)
(70 55 15)
(75 55 15)
(80 55 15)
(85 55 15)
(90 55 15)
(95 55 15)
(100 55 15)
(70 60 15)
(75 60 15)
(80 60 15)
(85 60 15)
(90 60 15)
(95 60 15)
(100 60 15)
(70 65 15)
(75 65 15)
(80 65 15)
(85 65 15)
(90 65 15)
(95 65 15)
(100 65 15)
(70 40 20)
(75 40 20)
(80 40 20)
(85 40 20)
(90 40 20)
(95 40 20)
(100 40 20)
(70 45 20)
(75 45 20)
(80 45 20)
(85 45 20)
(90 45 20)
(95 45 20)
(100 45 20)
(70 50 20)
(75 50 20)
(80 50 20)
(85 50 20)
(90 50 20)
(95 50 20)
(100 50 20)
(70 55 20)
(75 55 20)
(80 55 20)
(85 55 20)
(90 55 20)
(95 55 20)
(100 55 20)
(70 60 20)
(75 60 20)
(80 60 20)
(85 60 20)
(90 60 20)
(95 60 20)
(100 60 20)
(70 65 20)
(75 65 20)
(80 65 20)
(85 65 20)
(90 65 20)
(95 65 20)
(100 65 20)
(0 70 0)
(5 70 0)
(10 70 0)
(15 70 0)
(20 70 0)
(25 70 0)
(30 70 0)
(35 70 0)
(0 75 0)
(5 75 0)
(10 75 0)
(15 75 0)
(20 75 0)
(25 75 0)
(30 75 0)
(35 75 0)
(0 80 0)
(5 80 0)
(10 80 0)
(15 80 0)
(20 80 0)
(25 80 0)
(30 80 0)
(35 80 0)
(0 85 0)
(5 85 0)
(10 85 0)
(15 85 0)
(20 85 0)
(25 85 0)
(30 85 0)
(35 85 0)
(0 90 0)
(5 90 0)
(10 90 0)
(15 90 0)
(20 90 0)
(25 90 0)
(30 90 0)
(35 90 0)
(0 95 0)
(5 95 0)
(10 95 0)
(15 95 0)
(20 95 0)
(25 95 0)
(30 95 0)
(35 95 0)
(0 100 0)
(5 100 0)
(10 100 0)
(15 100 0)
(20 100 0)
(25 100 0)
(30 100 0)
(35 100 0)
(0 70 5)
(5 70 5)
(10 70 5)
(15 70 5)
(20 70 5)
(25 70 5)
(30 70 5)
(35 70 5)
(0 75 5)
(5 75 5)
(10 75 5)
(15 75 5)
(20 75 5)
(25 75 5)
(30 75 5)
(35 75 5)
(0 80 5)
(5 80 5)
(10 80 5)
(15 80 5)
(20 80 5)
(25 80 5)
(30 80 5)
(35 80 5)
(0 85 5)
(5 85 5)
(10 85 5)
(15 85 5)
(20 85 5)
(25 85 5)
(30 85 5)
(35 85 5)
(0 90 5)
(5 90 5)
(10 90 5)
(15 90 5)
(20 90 5)
(25 90 5)
(30 90 5)
(35 90 5)
(0 95 5)
(5 95 5)
(10 95 5)
(15 95 5)
(20 95 5)
(25 95 5)
(30 95 5)
(35 95 5)
(0 100 5)
(5 100 5)
(10 100 5)
(15 100 5)
(20 100 5)
(25 100 5)
(30 100 5)
(35 100 5)
(0 70 10)
(5 70 10)
(10 70 10)
(15 70 10)
(20 70 10)
(25 70 10)
(30 70 10)
(35 70 10)
(0 75 10)
(5 75 10)
(10 75 10)
(15 75 10)
(20 75 10)
(25 75 10)
(30 75 10)
(35 75 10)
(0 80 10)
(5 80 10)
(10 80 10)
(15 80 10)
(20 80 10)
(25 80 10)
(30 80 10)
(35 80 10)
(0 85 10)
(5 85 10)
(10 85 10)
(15 85 10)
(20 85 10)
(25 85 10)
(30 85 10)
(35 85 10)
(0 90 10)
(5 90 10)
(10 90 10)
(15 90 10)
(20 90 10)
(25 90 10)
(30 90 10)
(35 90 10)
(0 95 10)
(5 95 10)
(10 95 10)
(15 95 10)
(20 95 10)
(25 95 10)
(30 95 10)
(35 95 10)
(0 100 10)
(5 100 10)
(10 100 10)
(15 100 10)
(20 100 10)
(25 100 10)
(30 100 10)
(35 100 10)
(0 70 15)
(5 70 15)
(10 70 15)
(15 70 15)
(20 70 15)
(25 70 15)
(30 70 15)
(35 70 15)
(0 75 15)
(5 75 15)
(10 75 15)
(15 75 15)
(20 75 15)
(25 75 15)
(30 75 15)
(35 75 15)
(0 80 15)
(5 80 15)
(10 80 15)
(15 80 15)
(20 80 15)
(25 80 15)
(30 80 15)
(35 80 15)
(0 85 15)
(5 85 15)
(10 85 15)
(15 85 15)
(20 85 15)
(25 85 15)
(30 85 15)
(35 85 15)
(0 90 15)
(5 90 15)
(10 90 15)
(15 90 15)
(20 90 15)
(25 90 15)
(30 90 15)
(35 90 15)
(0 95 15)
(5 95 15)
(10 95 15)
(15 95 15)
(20 95 15)
(25 95 15)
(30 95 15)
(35 95 15)
(0 100 15)
(5 100 15)
(10 100 15)
(15 100 15)
(20 100 15)
(25 100 15)
(30 100 15)
(35 100 15)
(0 70 20)
(5 70 20)
(10 70 20)
(15 70 20)
(20 70 20)
(25 70 20)
(30 70 20)
(35 70 20)
(0 75 20)
(5 75 20)
(10 75 20)
(15 75 20)
(20 75 20)
(25 75 20)
(30 75 20)
(35 75 20)
(0 80 20)
(5 80 20)
(10 80 20)
(15 80 20)
(20 80 20)
(25 80 20)
(30 80 20)
(35 80 20)
(0 85 20)
(5 85 20)
(10 85 20)
(15 85 20)
(20 85 20)
(25 85 20)
(30 85 20)
(35 85 20)
(0 90 20)
(5 90 20)
(10 90 20)
(15 90 20)
(20 90 20)
(25 90 20)
(30 90 20)
(35 90 20)
(0 95 20)
(5 95 20)
(10 95 20)
(15 95 20)
(20 95 20)
(25 95 20)
(30 95 20)
(35 95 20)
(0 100 20)
(5 100 20)
(10 100 20)
(15 100 20)
(20 100 20)
(25 100 20)
(30 100 20)
(35 100 20)
(40 70 0)
(45 70 0)
(50 70 0)
(55 70 0)
(60 70 0)
(65 70 0)
(40 75 0)
(45 75 0)
(50 75 0)
(55 75 0)
(60 75 0)
(65 75 0)
(40 80 0)
(45 80 0)
(50 80 0)
(55 80 0)
(60 80 0)
(65 80 0)
(40 85 0)
(45 85 0)
(50 85 0)
(55 85 0)
(60 85 0)
(65 85 0)
(40 90 0)
(45 90 0)
(50 90 0)
(55 90 0)
(60 90 0)
(65 90 0)
(40 95 0)
(45 95 0)
(50 95 0)
(55 95 0)
(60 95 0)
(65 95 0)
(40 100 0)
(45 100 0)
(50 100 0)
(55 100 0)
(60 100 0)
(65 100 0)
(40 70 5)
(45 70 5)
(50 70 5)
(55 70 5)
(60 70 5)
(65 70 5)
(40 75 5)
(45 75 5)
(50 75 5)
(55 75 5)
(60 75 5)
(65 75 5)
(40 80 5)
(45 80 5)
(50 80 5)
(55 80 5)
(60 80 5)
(65 80 5)
(40 85 5)
(45 85 5)
(50 85 5)
(55 85 5)
(60 85 5)
(65 85 5)
(40 90 5)
(45 90 5)
(50 90 5)
(55 90 5)
(60 90 5)
(65 90 5)
(40 95 5)
(45 95 5)
(50 95 5)
(55 95 5)
(60 95 5)
(65 95 5)
(40 100 5)
(45 100 5)
(50 100 5)
(55 100 5)
(60 100 5)
(65 100 5)
(40 70 10)
(45 70 10)
(50 70 10)
(55 70 10)
(60 70 10)
(65 70 10)
(40 75 10)
(45 75 10)
(50 75 10)
(55 75 10)
(60 75 10)
(65 75 10)
(40 80 10)
(45 80 10)
(50 80 10)
(55 80 10)
(60 80 10)
(65 80 10)
(40 85 10)
(45 85 10)
(50 85 10)
(55 85 10)
(60 85 10)
(65 85 10)
(40 90 10)
(45 90 10)
(50 90 10)
(55 90 10)
(60 90 10)
(65 90 10)
(40 95 10)
(45 95 10)
(50 95 10)
(55 95 10)
(60 95 10)
(65 95 10)
(40 100 10)
(45 100 10)
(50 100 10)
(55 100 10)
(60 100 10)
(65 100 10)
(40 70 15)
(45 70 15)
(50 70 15)
(55 70 15)
(60 70 15)
(65 70 15)
(40 75 15)
(45 75 15)
(50 75 15)
(55 75 15)
(60 75 15)
(65 75 15)
(40 80 15)
(45 80 15)
(50 80 15)
(55 80 15)
(60 80 15)
(65 80 15)
(40 85 15)
(45 85 15)
(50 85 15)
(55 85 15)
(60 85 15)
(65 85 15)
(40 90 15)
(45 90 15)
(50 90 15)
(55 90 15)
(60 90 15)
(65 90 15)
(40 95 15)
(45 95 15)
(50 95 15)
(55 95 15)
(60 95 15)
(65 95 15)
(40 100 15)
(45 100 15)
(50 100 15)
(55 100 15)
(60 100 15)
(65 100 15)
(40 70 20)
(45 70 20)
(50 70 20)
(55 70 20)
(60 70 20)
(65 70 20)
(40 75 20)
(45 75 20)
(50 75 20)
(55 75 20)
(60 75 20)
(65 75 20)
(40 80 20)
(45 80 20)
(50 80 20)
(55 80 20)
(60 80 20)
(65 80 20)
(40 85 20)
(45 85 20)
(50 85 20)
(55 85 20)
(60 85 20)
(65 85 20)
(40 90 20)
(45 90 20)
(50 90 20)
(55 90 20)
(60 90 20)
(65 90 20)
(40 95 20)
(45 95 20)
(50 95 20)
(55 95 20)
(60 95 20)
(65 95 20)
(40 100 20)
(45 100 20)
(50 100 20)
(55 100 20)
(60 100 20)
(65 100 20)
(70 70 0)
(75 70 0)
(80 70 0)
(85 70 0)
(90 70 0)
(95 70 0)
(100 70 0)
(70 75 0)
(75 75 0)
(80 75 0)
(85 75 0)
(90 75 0)
(95 75 0)
(100 75 0)
(70 80 0)
(75 80 0)
(80 80 0)
(85 80 0)
(90 80 0)
(95 80 0)
(100 80 0)
(70 85 0)
(75 85 0)
(80 85 0)
(85 85 0)
(90 85 0)
(95 85 0)
(100 85 0)
(70 90 0)
(75 90 0)
(80 90 0)
(85 90 0)
(90 90 0)
(95 90 0)
(100 90 0)
(70 95 0)
(75 95 0)
(80 95 0)
(85 95 0)
(90 95 0)
(95 95 0)
(100 95 0)
(70 100 0)
(75 100 0)
(80 100 0)
(85 100 0)
(90 100 0)
(95 100 0)
(100 100 0)
(70 70 5)
(75 70 5)
(80 70 5)
(85 70 5)
(90 70 5)
(95 70 5)
(100 70 5)
(70 75 5)
(75 75 5)
(80 75 5)
(85 75 5)
(90 75 5)
(95 75 5)
(100 75 5)
(70 80 5)
(75 80 5)
(80 80 5)
(85 80 5)
(90 80 5)
(95 80 5)
(100 80 5)
(70 85 5)
(75 85 5)
(80 85 5)
(85 85 5)
(90 85 5)
(95 85 5)
(100 85 5)
(70 90 5)
(75 90 5)
(80 90 5)
(85 90 5)
(90 90 5)
(95 90 5)
(100 90 5)
(70 95 5)
(75 95 5)
(80 95 5)
(85 95 5)
(90 95 5)
(95 95 5)
(100 95 5)
(70 100 5)
(75 100 5)
(80 100 5)
(85 100 5)
(90 100 5)
(95 100 5)
(100 100 5)
(70 70 10)
(75 70 10)
(80 70 10)
(85 70 10)
(90 70 10)
(95 70 10)
(100 70 10)
(70 75 10)
(75 75 10)
(80 75 10)
(85 75 10)
(90 75 10)
(95 75 10)
(100 75 10)
(70 80 10)
(75 80 10)
(80 80 10)
(85 80 10)
(90 80 10)
(95 80 10)
(100 80 10)
(70 85 10)
(75 85 10)
(80 85 10)
(85 85 10)
(90 85 10)
(95 85 10)
(100 85 10)
(70 90 10)
(75 90 10)
(80 90 10)
(85 90 10)
(90 90 10)
(95 90 10)
(100 90 10)
(70 95 10)
(75 95 10)
(80 95 10)
(85 95 10)
(90 95 10)
(95 95 10)
(100 95 10)
(70 100 10)
(75 100 10)
(80 100 10)
(85 100 10)
(90 100 10)
(95 100 10)
(100 100 10)
(70 70 15)
(75 70 15)
(80 70 15)
(85 70 15)
(90 70 15)
(95 70 15)
(100 70 15)
(70 75 15)
(75 75 15)
(80 75 15)
(85 75 15)
(90 75 15)
(95 75 15)
(100 75 15)
(70 80 15)
(75 80 15)
(80 80 15)
(85 80 15)
(90 80 15)
(95 80 15)
(100 80 15)
(70 85 15)
(75 85 15)
(80 85 15)
(85 85 15)
(90 85 15)
(95 85 15)
(100 85 15)
(70 90 15)
(75 90 15)
(80 90 15)
(85 90 15)
(90 90 15)
(95 90 15)
(100 90 15)
(70 95 15)
(75 95 15)
(80 95 15)
(85 95 15)
(90 95 15)
(95 95 15)
(100 95 15)
(70 100 15)
(75 100 15)
(80 100 15)
(85 100 15)
(90 100 15)
(95 100 15)
(100 100 15)
(70 70 20)
(75 70 20)
(80 70 20)
(85 70 20)
(90 70 20)
(95 70 20)
(100 70 20)
(70 75 20)
(75 75 20)
(80 75 20)
(85 75 20)
(90 75 20)
(95 75 20)
(100 75 20)
(70 80 20)
(75 80 20)
(80 80 20)
(85 80 20)
(90 80 20)
(95 80 20)
(100 80 20)
(70 85 20)
(75 85 20)
(80 85 20)
(85 85 20)
(90 85 20)
(95 85 20)
(100 85 20)
(70 90 20)
(75 90 20)
(80 90 20)
(85 90 20)
(90 90 20)
(95 90 20)
(100 90 20)
(70 95 20)
(75 95 20)
(80 95 20)
(85 95 20)
(90 95 20)
(95 95 20)
(100 95 20)
(70 100 20)
(75 100 20)
(80 100 20)
(85 100 20)
(90 100 20)
(95 100 20)
(100 100 20)
(0 0 25)
(5 0 25)
(10 0 25)
(15 0 25)
(20 0 25)
(25 0 25)
(30 0 25)
(35 0 25)
(0 5 25)
(5 5 25)
(10 5 25)
(15 5 25)
(20 5 25)
(25 5 25)
(30 5 25)
(35 5 25)
(0 10 25)
(5 10 25)
(10 10 25)
(15 10 25)
(20 10 25)
(25 10 25)
(30 10 25)
(35 10 25)
(0 15 25)
(5 15 25)
(10 15 25)
(15 15 25)
(20 15 25)
(25 15 25)
(30 15 25)
(35 15 25)
(0 20 25)
(5 20 25)
(10 20 25)
(15 20 25)
(20 20 25)
(25 20 25)
(30 20 25)
(35 20 25)
(0 25 25)
(5 25 25)
(10 25 25)
(15 25 25)
(20 25 25)
(25 25 25)
(30 25 25)
(35 25 25)
(0 30 25)
(5 30 25)
(10 30 25)
(15 30 25)
(20 30 25)
(25 30 25)
(30 30 25)
(35 30 25)
(0 35 25)
(5 35 25)
(10 35 25)
(15 35 25)
(20 35 25)
(25 35 25)
(30 35 25)
(35 35 25)
(0 0 30)
(5 0 30)
(10 0 30)
(15 0 30)
(20 0 30)
(25 0 30)
(30 0 30)
(35 0 30)
(0 5 30)
(5 5 30)
(10 5 30)
(15 5 30)
(20 5 30)
(25 5 30)
(30 5 30)
(35 5 30)
(0 10 30)
(5 10 30)
(10 10 30)
(15 10 30)
(20 10 30)
(25 10 30)
(30 10 30)
(35 10 30)
(0 15 30)
(5 15 30)
(10 15 30)
(15 15 30)
(20 15 30)
(25 15 30)
(30 15 30)
(35 15 30)
(0 20 30)
(5 20 30)
(10 20 30)
(15 20 30)
(20 20 30)
(25 20 30)
(30 20 30)
(35 20 30)
(0 25 30)
(5 25 30)
(10 25 30)
(15 25 30)
(20 25 30)
(25 25 30)
(30 25 30)
(35 25 30)
(0 30 30)
(5 30 30)
(10 30 30)
(15 30 30)
(20 30 30)
(25 30 30)
(30 30 30)
(35 30 30)
(0 35 30)
(5 35 30)
(10 35 30)
(15 35 30)
(20 35 30)
(25 35 30)
(30 35 30)
(35 35 30)
(0 0 35)
(5 0 35)
(10 0 35)
(15 0 35)
(20 0 35)
(25 0 35)
(30 0 35)
(35 0 35)
(0 5 35)
(5 5 35)
(10 5 35)
(15 5 35)
(20 5 35)
(25 5 35)
(30 5 35)
(35 5 35)
(0 10 35)
(5 10 35)
(10 10 35)
(15 10 35)
(20 10 35)
(25 10 35)
(30 10 35)
(35 10 35)
(0 15 35)
(5 15 35)
(10 15 35)
(15 15 35)
(20 15 35)
(25 15 35)
(30 15 35)
(35 15 35)
(0 20 35)
(5 20 35)
(10 20 35)
(15 20 35)
(20 20 35)
(25 20 35)
(30 20 35)
(35 20 35)
(0 25 35)
(5 25 35)
(10 25 35)
(15 25 35)
(20 25 35)
(25 25 35)
(30 25 35)
(35 25 35)
(0 30 35)
(5 30 35)
(10 30 35)
(15 30 35)
(20 30 35)
(25 30 35)
(30 30 35)
(35 30 35)
(0 35 35)
(5 35 35)
(10 35 35)
(15 35 35)
(20 35 35)
(25 35 35)
(30 35 35)
(35 35 35)
(0 0 40)
(5 0 40)
(10 0 40)
(15 0 40)
(20 0 40)
(25 0 40)
(30 0 40)
(35 0 40)
(0 5 40)
(5 5 40)
(10 5 40)
(15 5 40)
(20 5 40)
(25 5 40)
(30 5 40)
(35 5 40)
(0 10 40)
(5 10 40)
(10 10 40)
(15 10 40)
(20 10 40)
(25 10 40)
(30 10 40)
(35 10 40)
(0 15 40)
(5 15 40)
(10 15 40)
(15 15 40)
(20 15 40)
(25 15 40)
(30 15 40)
(35 15 40)
(0 20 40)
(5 20 40)
(10 20 40)
(15 20 40)
(20 20 40)
(25 20 40)
(30 20 40)
(35 20 40)
(0 25 40)
(5 25 40)
(10 25 40)
(15 25 40)
(20 25 40)
(25 25 40)
(30 25 40)
(35 25 40)
(0 30 40)
(5 30 40)
(10 30 40)
(15 30 40)
(20 30 40)
(25 30 40)
(30 30 40)
(35 30 40)
(0 35 40)
(5 35 40)
(10 35 40)
(15 35 40)
(20 35 40)
(25 35 40)
(30 35 40)
(35 35 40)
(0 0 45)
(5 0 45)
(10 0 45)
(15 0 45)
(20 0 45)
(25 0 45)
(30 0 45)
(35 0 45)
(0 5 45)
(5 5 45)
(10 5 45)
(15 5 45)
(20 5 45)
(25 5 45)
(30 5 45)
(35 5 45)
(0 10 45)
(5 10 45)
(10 10 45)
(15 10 45)
(20 10 45)
(25 10 45)
(30 10 45)
(35 10 45)
(0 15 45)
(5 15 45)
(10 15 45)
(15 15 45)
(20 15 45)
(25 15 45)
(30 15 45)
(35 15 45)
(0 20 45)
(5 20 45)
(10 20 45)
(15 20 45)
(20 20 45)
(25 20 45)
(30 20 45)
(35 20 45)
(0 25 45)
(5 25 45)
(10 25 45)
(15 25 45)
(20 25 45)
(25 25 45)
(30 25 45)
(35 25 45)
(0 30 45)
(5 30 45)
(10 30 45)
(15 30 45)
(20 30 45)
(25 30 45)
(30 30 45)
(35 30 45)
(0 35 45)
(5 35 45)
(10 35 45)
(15 35 45)
(20 35 45)
(25 35 45)
(30 35 45)
(35 35 45)
(0 0 50)
(5 0 50)
(10 0 50)
(15 0 50)
(20 0 50)
(25 0 50)
(30 0 50)
(35 0 50)
(0 5 50)
(5 5 50)
(10 5 50)
(15 5 50)
(20 5 50)
(25 5 50)
(30 5 50)
(35 5 50)
(0 10 50)
(5 10 50)
(10 10 50)
(15 10 50)
(20 10 50)
(25 10 50)
(30 10 50)
(35 10 50)
(0 15 50)
(5 15 50)
(10 15 50)
(15 15 50)
(20 15 50)
(25 15 50)
(30 15 50)
(35 15 50)
(0 20 50)
(5 20 50)
(10 20 50)
(15 20 50)
(20 20 50)
(25 20 50)
(30 20 50)
(35 20 50)
(0 25 50)
(5 25 50)
(10 25 50)
(15 25 50)
(20 25 50)
(25 25 50)
(30 25 50)
(35 25 50)
(0 30 50)
(5 30 50)
(10 30 50)
(15 30 50)
(20 30 50)
(25 30 50)
(30 30 50)
(35 30 50)
(0 35 50)
(5 35 50)
(10 35 50)
(15 35 50)
(20 35 50)
(25 35 50)
(30 35 50)
(35 35 50)
(40 0 25)
(45 0 25)
(50 0 25)
(55 0 25)
(60 0 25)
(65 0 25)
(40 5 25)
(45 5 25)
(50 5 25)
(55 5 25)
(60 5 25)
(65 5 25)
(40 10 25)
(45 10 25)
(50 10 25)
(55 10 25)
(60 10 25)
(65 10 25)
(40 15 25)
(45 15 25)
(50 15 25)
(55 15 25)
(60 15 25)
(65 15 25)
(40 20 25)
(45 20 25)
(50 20 25)
(55 20 25)
(60 20 25)
(65 20 25)
(40 25 25)
(45 25 25)
(50 25 25)
(55 25 25)
(60 25 25)
(65 25 25)
(40 30 25)
(45 30 25)
(50 30 25)
(55 30 25)
(60 30 25)
(65 30 25)
(40 35 25)
(45 35 25)
(50 35 25)
(55 35 25)
(60 35 25)
(65 35 25)
(40 0 30)
(45 0 30)
(50 0 30)
(55 0 30)
(60 0 30)
(65 0 30)
(40 5 30)
(45 5 30)
(50 5 30)
(55 5 30)
(60 5 30)
(65 5 30)
(40 10 30)
(45 10 30)
(50 10 30)
(55 10 30)
(60 10 30)
(65 10 30)
(40 15 30)
(45 15 30)
(50 15 30)
(55 15 30)
(60 15 30)
(65 15 30)
(40 20 30)
(45 20 30)
(50 20 30)
(55 20 30)
(60 20 30)
(65 20 30)
(40 25 30)
(45 25 30)
(50 25 30)
(55 25 30)
(60 25 30)
(65 25 30)
(40 30 30)
(45 30 30)
(50 30 30)
(55 30 30)
(60 30 30)
(65 30 30)
(40 35 30)
(45 35 30)
(50 35 30)
(55 35 30)
(60 35 30)
(65 35 30)
(40 0 35)
(45 0 35)
(50 0 35)
(55 0 35)
(60 0 35)
(65 0 35)
(40 5 35)
(45 5 35)
(50 5 35)
(55 5 35)
(60 5 35)
(65 5 35)
(40 10 35)
(45 10 35)
(50 10 35)
(55 10 35)
(60 10 35)
(65 10 35)
(40 15 35)
(45 15 35)
(50 15 35)
(55 15 35)
(60 15 35)
(65 15 35)
(40 20 35)
(45 20 35)
(50 20 35)
(55 20 35)
(60 20 35)
(65 20 35)
(40 25 35)
(45 25 35)
(50 25 35)
(55 25 35)
(60 25 35)
(65 25 35)
(40 30 35)
(45 30 35)
(50 30 35)
(55 30 35)
(60 30 35)
(65 30 35)
(40 35 35)
(45 35 35)
(50 35 35)
(55 35 35)
(60 35 35)
(65 35 35)
(40 0 40)
(45 0 40)
(50 0 40)
(55 0 40)
(60 0 40)
(65 0 40)
(40 5 40)
(45 5 40)
(50 5 40)
(55 5 40)
(60 5 40)
(65 5 40)
(40 10 40)
(45 10 40)
(50 10 40)
(55 10 40)
(60 10 40)
(65 10 40)
(40 15 40)
(45 15 40)
(50 15 40)
(55 15 40)
(60 15 40)
(65 15 40)
(40 20 40)
(45 20 40)
(50 20 40)
(55 20 40)
(60 20 40)
(65 20 40)
(40 25 40)
(45 25 40)
(50 25 40)
(55 25 40)
(60 25 40)
(65 25 40)
(40 30 40)
(45 30 40)
(50 30 40)
(55 30 40)
(60 30 40)
(65 30 40)
(40 35 40)
(45 35 40)
(50 35 40)
(55 35 40)
(60 35 40)
(65 35 40)
(40 0 45)
(45 0 45)
(50 0 45)
(55 0 45)
(60 0 45)
(65 0 45)
(40 5 45)
(45 5 45)
(50 5 45)
(55 5 45)
(60 5 45)
(65 5 45)
(40 10 45)
(45 10 45)
(50 10 45)
(55 10 45)
(60 10 45)
(65 10 45)
(40 15 45)
(45 15 45)
(50 15 45)
(55 15 45)
(60 15 45)
(65 15 45)
(40 20 45)
(45 20 45)
(50 20 45)
(55 20 45)
(60 20 45)
(65 20 45)
(40 25 45)
(45 25 45)
(50 25 45)
(55 25 45)
(60 25 45)
(65 25 45)
(40 30 45)
(45 30 45)
(50 30 45)
(55 30 45)
(60 30 45)
(65 30 45)
(40 35 45)
(45 35 45)
(50 35 45)
(55 35 45)
(60 35 45)
(65 35 45)
(40 0 50)
(45 0 50)
(50 0 50)
(55 0 50)
(60 0 50)
(65 0 50)
(40 5 50)
(45 5 50)
(50 5 50)
(55 5 50)
(60 5 50)
(65 5 50)
(40 10 50)
(45 10 50)
(50 10 50)
(55 10 50)
(60 10 50)
(65 10 50)
(40 15 50)
(45 15 50)
(50 15 50)
(55 15 50)
(60 15 50)
(65 15 50)
(40 20 50)
(45 20 50)
(50 20 50)
(55 20 50)
(60 20 50)
(65 20 50)
(40 25 50)
(45 25 50)
(50 25 50)
(55 25 50)
(60 25 50)
(65 25 50)
(40 30 50)
(45 30 50)
(50 30 50)
(55 30 50)
(60 30 50)
(65 30 50)
(40 35 50)
(45 35 50)
(50 35 50)
(55 35 50)
(60 35 50)
(65 35 50)
(70 0 25)
(75 0 25)
(80 0 25)
(85 0 25)
(90 0 25)
(95 0 25)
(100 0 25)
(70 5 25)
(75 5 25)
(80 5 25)
(85 5 25)
(90 5 25)
(95 5 25)
(100 5 25)
(70 10 25)
(75 10 25)
(80 10 25)
(85 10 25)
(90 10 25)
(95 10 25)
(100 10 25)
(70 15 25)
(75 15 25)
(80 15 25)
(85 15 25)
(90 15 25)
(95 15 25)
(100 15 25)
(70 20 25)
(75 20 25)
(80 20 25)
(85 20 25)
(90 20 25)
(95 20 25)
(100 20 25)
(70 25 25)
(75 25 25)
(80 25 25)
(85 25 25)
(90 25 25)
(95 25 25)
(100 25 25)
(70 30 25)
(75 30 25)
(80 30 25)
(85 30 25)
(90 30 25)
(95 30 25)
(100 30 25)
(70 35 25)
(75 35 25)
(80 35 25)
(85 35 25)
(90 35 25)
(95 35 25)
(100 35 25)
(70 0 30)
(75 0 30)
(80 0 30)
(85 0 30)
(90 0 30)
(95 0 30)
(100 0 30)
(70 5 30)
(75 5 30)
(80 5 30)
(85 5 30)
(90 5 30)
(95 5 30)
(100 5 30)
(70 10 30)
(75 10 30)
(80 10 30)
(85 10 30)
(90 10 30)
(95 10 30)
(100 10 30)
(70 15 30)
(75 15 30)
(80 15 30)
(85 15 30)
(90 15 30)
(95 15 30)
(100 15 30)
(70 20 30)
(75 20 30)
(80 20 30)
(85 20 30)
(90 20 30)
(95 20 30)
(100 20 30)
(70 25 30)
(75 25 30)
(80 25 30)
(85 25 30)
(90 25 30)
(95 25 30)
(100 25 30)
(70 30 30)
(75 30 30)
(80 30 30)
(85 30 30)
(90 30 30)
(95 30 30)
(100 30 30)
(70 35 30)
(75 35 30)
(80 35 30)
(85 35 30)
(90 35 30)
(95 35 30)
(100 35 30)
(70 0 35)
(75 0 35)
(80 0 35)
(85 0 35)
(90 0 35)
(95 0 35)
(100 0 35)
(70 5 35)
(75 5 35)
(80 5 35)
(85 5 35)
(90 5 35)
(95 5 35)
(100 5 35)
(70 10 35)
(75 10 35)
(80 10 35)
(85 10 35)
(90 10 35)
(95 10 35)
(100 10 35)
(70 15 35)
(75 15 35)
(80 15 35)
(85 15 35)
(90 15 35)
(95 15 35)
(100 15 35)
(70 20 35)
(75 20 35)
(80 20 35)
(85 20 35)
(90 20 35)
(95 20 35)
(100 20 35)
(70 25 35)
(75 25 35)
(80 25 35)
(85 25 35)
(90 25 35)
(95 25 35)
(100 25 35)
(70 30 35)
(75 30 35)
(80 30 35)
(85 30 35)
(90 30 35)
(95 30 35)
(100 30 35)
(70 35 35)
(75 35 35)
(80 35 35)
(85 35 35)
(90 35 35)
(95 35 35)
(100 35 35)
(70 0 40)
(75 0 40)
(80 0 40)
(85 0 40)
(90 0 40)
(95 0 40)
(100 0 40)
(70 5 40)
(75 5 40)
(80 5 40)
(85 5 40)
(90 5 40)
(95 5 40)
(100 5 40)
(70 10 40)
(75 10 40)
(80 10 40)
(85 10 40)
(90 10 40)
(95 10 40)
(100 10 40)
(70 15 40)
(75 15 40)
(80 15 40)
(85 15 40)
(90 15 40)
(95 15 40)
(100 15 40)
(70 20 40)
(75 20 40)
(80 20 40)
(85 20 40)
(90 20 40)
(95 20 40)
(100 20 40)
(70 25 40)
(75 25 40)
(80 25 40)
(85 25 40)
(90 25 40)
(95 25 40)
(100 25 40)
(70 30 40)
(75 30 40)
(80 30 40)
(85 30 40)
(90 30 40)
(95 30 40)
(100 30 40)
(70 35 40)
(75 35 40)
(80 35 40)
(85 35 40)
(90 35 40)
(95 35 40)
(100 35 40)
(70 0 45)
(75 0 45)
(80 0 45)
(85 0 45)
(90 0 45)
(95 0 45)
(100 0 45)
(70 5 45)
(75 5 45)
(80 5 45)
(85 5 45)
(90 5 45)
(95 5 45)
(100 5 45)
(70 10 45)
(75 10 45)
(80 10 45)
(85 10 45)
(90 10 45)
(95 10 45)
(100 10 45)
(70 15 45)
(75 15 45)
(80 15 45)
(85 15 45)
(90 15 45)
(95 15 45)
(100 15 45)
(70 20 45)
(75 20 45)
(80 20 45)
(85 20 45)
(90 20 45)
(95 20 45)
(100 20 45)
(70 25 45)
(75 25 45)
(80 25 45)
(85 25 45)
(90 25 45)
(95 25 45)
(100 25 45)
(70 30 45)
(75 30 45)
(80 30 45)
(85 30 45)
(90 30 45)
(95 30 45)
(100 30 45)
(70 35 45)
(75 35 45)
(80 35 45)
(85 35 45)
(90 35 45)
(95 35 45)
(100 35 45)
(70 0 50)
(75 0 50)
(80 0 50)
(85 0 50)
(90 0 50)
(95 0 50)
(100 0 50)
(70 5 50)
(75 5 50)
(80 5 50)
(85 5 50)
(90 5 50)
(95 5 50)
(100 5 50)
(70 10 50)
(75 10 50)
(80 10 50)
(85 10 50)
(90 10 50)
(95 10 50)
(100 10 50)
(70 15 50)
(75 15 50)
(80 15 50)
(85 15 50)
(90 15 50)
(95 15 50)
(100 15 50)
(70 20 50)
(75 20 50)
(80 20 50)
(85 20 50)
(90 20 50)
(95 20 50)
(100 20 50)
(70 25 50)
(75 25 50)
(80 25 50)
(85 25 50)
(90 25 50)
(95 25 50)
(100 25 50)
(70 30 50)
(75 30 50)
(80 30 50)
(85 30 50)
(90 30 50)
(95 30 50)
(100 30 50)
(70 35 50)
(75 35 50)
(80 35 50)
(85 35 50)
(90 35 50)
(95 35 50)
(100 35 50)
(0 40 25)
(5 40 25)
(10 40 25)
(15 40 25)
(20 40 25)
(25 40 25)
(30 40 25)
(35 40 25)
(0 45 25)
(5 45 25)
(10 45 25)
(15 45 25)
(20 45 25)
(25 45 25)
(30 45 25)
(35 45 25)
(0 50 25)
(5 50 25)
(10 50 25)
(15 50 25)
(20 50 25)
(25 50 25)
(30 50 25)
(35 50 25)
(0 55 25)
(5 55 25)
(10 55 25)
(15 55 25)
(20 55 25)
(25 55 25)
(30 55 25)
(35 55 25)
(0 60 25)
(5 60 25)
(10 60 25)
(15 60 25)
(20 60 25)
(25 60 25)
(30 60 25)
(35 60 25)
(0 65 25)
(5 65 25)
(10 65 25)
(15 65 25)
(20 65 25)
(25 65 25)
(30 65 25)
(35 65 25)
(0 40 30)
(5 40 30)
(10 40 30)
(15 40 30)
(20 40 30)
(25 40 30)
(30 40 30)
(35 40 30)
(0 45 30)
(5 45 30)
(10 45 30)
(15 45 30)
(20 45 30)
(25 45 30)
(30 45 30)
(35 45 30)
(0 50 30)
(5 50 30)
(10 50 30)
(15 50 30)
(20 50 30)
(25 50 30)
(30 50 30)
(35 50 30)
(0 55 30)
(5 55 30)
(10 55 30)
(15 55 30)
(20 55 30)
(25 55 30)
(30 55 30)
(35 55 30)
(0 60 30)
(5 60 30)
(10 60 30)
(15 60 30)
(20 60 30)
(25 60 30)
(30 60 30)
(35 60 30)
(0 65 30)
(5 65 30)
(10 65 30)
(15 65 30)
(20 65 30)
(25 65 30)
(30 65 30)
(35 65 30)
(0 40 35)
(5 40 35)
(10 40 35)
(15 40 35)
(20 40 35)
(25 40 35)
(30 40 35)
(35 40 35)
(0 45 35)
(5 45 35)
(10 45 35)
(15 45 35)
(20 45 35)
(25 45 35)
(30 45 35)
(35 45 35)
(0 50 35)
(5 50 35)
(10 50 35)
(15 50 35)
(20 50 35)
(25 50 35)
(30 50 35)
(35 50 35)
(0 55 35)
(5 55 35)
(10 55 35)
(15 55 35)
(20 55 35)
(25 55 35)
(30 55 35)
(35 55 35)
(0 60 35)
(5 60 35)
(10 60 35)
(15 60 35)
(20 60 35)
(25 60 35)
(30 60 35)
(35 60 35)
(0 65 35)
(5 65 35)
(10 65 35)
(15 65 35)
(20 65 35)
(25 65 35)
(30 65 35)
(35 65 35)
(0 40 40)
(5 40 40)
(10 40 40)
(15 40 40)
(20 40 40)
(25 40 40)
(30 40 40)
(35 40 40)
(0 45 40)
(5 45 40)
(10 45 40)
(15 45 40)
(20 45 40)
(25 45 40)
(30 45 40)
(35 45 40)
(0 50 40)
(5 50 40)
(10 50 40)
(15 50 40)
(20 50 40)
(25 50 40)
(30 50 40)
(35 50 40)
(0 55 40)
(5 55 40)
(10 55 40)
(15 55 40)
(20 55 40)
(25 55 40)
(30 55 40)
(35 55 40)
(0 60 40)
(5 60 40)
(10 60 40)
(15 60 40)
(20 60 40)
(25 60 40)
(30 60 40)
(35 60 40)
(0 65 40)
(5 65 40)
(10 65 40)
(15 65 40)
(20 65 40)
(25 65 40)
(30 65 40)
(35 65 40)
(0 40 45)
(5 40 45)
(10 40 45)
(15 40 45)
(20 40 45)
(25 40 45)
(30 40 45)
(35 40 45)
(0 45 45)
(5 45 45)
(10 45 45)
(15 45 45)
(20 45 45)
(25 45 45)
(30 45 45)
(35 45 45)
(0 50 45)
(5 50 45)
(10 50 45)
(15 50 45)
(20 50 45)
(25 50 45)
(30 50 45)
(35 50 45)
(0 55 45)
(5 55 45)
(10 55 45)
(15 55 45)
(20 55 45)
(25 55 45)
(30 55 45)
(35 55 45)
(0 60 45)
(5 60 45)
(10 60 45)
(15 60 45)
(20 60 45)
(25 60 45)
(30 60 45)
(35 60 45)
(0 65 45)
(5 65 45)
(10 65 45)
(15 65 45)
(20 65 45)
(25 65 45)
(30 65 45)
(35 65 45)
(0 40 50)
(5 40 50)
(10 40 50)
(15 40 50)
(20 40 50)
(25 40 50)
(30 40 50)
(35 40 50)
(0 45 50)
(5 45 50)
(10 45 50)
(15 45 50)
(20 45 50)
(25 45 50)
(30 45 50)
(35 45 50)
(0 50 50)
(5 50 50)
(10 50 50)
(15 50 50)
(20 50 50)
(25 50 50)
(30 50 50)
(35 50 50)
(0 55 50)
(5 55 50)
(10 55 50)
(15 55 50)
(20 55 50)
(25 55 50)
(30 55 50)
(35 55 50)
(0 60 50)
(5 60 50)
(10 60 50)
(15 60 50)
(20 60 50)
(25 60 50)
(30 60 50)
(35 60 50)
(0 65 50)
(5 65 50)
(10 65 50)
(15 65 50)
(20 65 50)
(25 65 50)
(30 65 50)
(35 65 50)
(65 40 25)
(70 40 25)
(75 40 25)
(80 40 25)
(85 40 25)
(90 40 25)
(95 40 25)
(100 40 25)
(65 45 25)
(70 45 25)
(75 45 25)
(80 45 25)
(85 45 25)
(90 45 25)
(95 45 25)
(100 45 25)
(65 50 25)
(70 50 25)
(75 50 25)
(80 50 25)
(85 50 25)
(90 50 25)
(95 50 25)
(100 50 25)
(65 55 25)
(70 55 25)
(75 55 25)
(80 55 25)
(85 55 25)
(90 55 25)
(95 55 25)
(100 55 25)
(65 60 25)
(70 60 25)
(75 60 25)
(80 60 25)
(85 60 25)
(90 60 25)
(95 60 25)
(100 60 25)
(65 65 25)
(70 65 25)
(75 65 25)
(80 65 25)
(85 65 25)
(90 65 25)
(95 65 25)
(100 65 25)
(65 40 30)
(70 40 30)
(75 40 30)
(80 40 30)
(85 40 30)
(90 40 30)
(95 40 30)
(100 40 30)
(65 45 30)
(70 45 30)
(75 45 30)
(80 45 30)
(85 45 30)
(90 45 30)
(95 45 30)
(100 45 30)
(65 50 30)
(70 50 30)
(75 50 30)
(80 50 30)
(85 50 30)
(90 50 30)
(95 50 30)
(100 50 30)
(65 55 30)
(70 55 30)
(75 55 30)
(80 55 30)
(85 55 30)
(90 55 30)
(95 55 30)
(100 55 30)
(65 60 30)
(70 60 30)
(75 60 30)
(80 60 30)
(85 60 30)
(90 60 30)
(95 60 30)
(100 60 30)
(65 65 30)
(70 65 30)
(75 65 30)
(80 65 30)
(85 65 30)
(90 65 30)
(95 65 30)
(100 65 30)
(65 40 35)
(70 40 35)
(75 40 35)
(80 40 35)
(85 40 35)
(90 40 35)
(95 40 35)
(100 40 35)
(65 45 35)
(70 45 35)
(75 45 35)
(80 45 35)
(85 45 35)
(90 45 35)
(95 45 35)
(100 45 35)
(65 50 35)
(70 50 35)
(75 50 35)
(80 50 35)
(85 50 35)
(90 50 35)
(95 50 35)
(100 50 35)
(65 55 35)
(70 55 35)
(75 55 35)
(80 55 35)
(85 55 35)
(90 55 35)
(95 55 35)
(100 55 35)
(65 60 35)
(70 60 35)
(75 60 35)
(80 60 35)
(85 60 35)
(90 60 35)
(95 60 35)
(100 60 35)
(65 65 35)
(70 65 35)
(75 65 35)
(80 65 35)
(85 65 35)
(90 65 35)
(95 65 35)
(100 65 35)
(65 40 40)
(70 40 40)
(75 40 40)
(80 40 40)
(85 40 40)
(90 40 40)
(95 40 40)
(100 40 40)
(65 45 40)
(70 45 40)
(75 45 40)
(80 45 40)
(85 45 40)
(90 45 40)
(95 45 40)
(100 45 40)
(65 50 40)
(70 50 40)
(75 50 40)
(80 50 40)
(85 50 40)
(90 50 40)
(95 50 40)
(100 50 40)
(65 55 40)
(70 55 40)
(75 55 40)
(80 55 40)
(85 55 40)
(90 55 40)
(95 55 40)
(100 55 40)
(65 60 40)
(70 60 40)
(75 60 40)
(80 60 40)
(85 60 40)
(90 60 40)
(95 60 40)
(100 60 40)
(65 65 40)
(70 65 40)
(75 65 40)
(80 65 40)
(85 65 40)
(90 65 40)
(95 65 40)
(100 65 40)
(65 40 45)
(70 40 45)
(75 40 45)
(80 40 45)
(85 40 45)
(90 40 45)
(95 40 45)
(100 40 45)
(65 45 45)
(70 45 45)
(75 45 45)
(80 45 45)
(85 45 45)
(90 45 45)
(95 45 45)
(100 45 45)
(65 50 45)
(70 50 45)
(75 50 45)
(80 50 45)
(85 50 45)
(90 50 45)
(95 50 45)
(100 50 45)
(65 55 45)
(70 55 45)
(75 55 45)
(80 55 45)
(85 55 45)
(90 55 45)
(95 55 45)
(100 55 45)
(65 60 45)
(70 60 45)
(75 60 45)
(80 60 45)
(85 60 45)
(90 60 45)
(95 60 45)
(100 60 45)
(65 65 45)
(70 65 45)
(75 65 45)
(80 65 45)
(85 65 45)
(90 65 45)
(95 65 45)
(100 65 45)
(65 40 50)
(70 40 50)
(75 40 50)
(80 40 50)
(85 40 50)
(90 40 50)
(95 40 50)
(100 40 50)
(65 45 50)
(70 45 50)
(75 45 50)
(80 45 50)
(85 45 50)
(90 45 50)
(95 45 50)
(100 45 50)
(65 50 50)
(70 50 50)
(75 50 50)
(80 50 50)
(85 50 50)
(90 50 50)
(95 50 50)
(100 50 50)
(65 55 50)
(70 55 50)
(75 55 50)
(80 55 50)
(85 55 50)
(90 55 50)
(95 55 50)
(100 55 50)
(65 60 50)
(70 60 50)
(75 60 50)
(80 60 50)
(85 60 50)
(90 60 50)
(95 60 50)
(100 60 50)
(65 65 50)
(70 65 50)
(75 65 50)
(80 65 50)
(85 65 50)
(90 65 50)
(95 65 50)
(100 65 50)
(0 70 25)
(5 70 25)
(10 70 25)
(15 70 25)
(20 70 25)
(25 70 25)
(30 70 25)
(35 70 25)
(0 75 25)
(5 75 25)
(10 75 25)
(15 75 25)
(20 75 25)
(25 75 25)
(30 75 25)
(35 75 25)
(0 80 25)
(5 80 25)
(10 80 25)
(15 80 25)
(20 80 25)
(25 80 25)
(30 80 25)
(35 80 25)
(0 85 25)
(5 85 25)
(10 85 25)
(15 85 25)
(20 85 25)
(25 85 25)
(30 85 25)
(35 85 25)
(0 90 25)
(5 90 25)
(10 90 25)
(15 90 25)
(20 90 25)
(25 90 25)
(30 90 25)
(35 90 25)
(0 95 25)
(5 95 25)
(10 95 25)
(15 95 25)
(20 95 25)
(25 95 25)
(30 95 25)
(35 95 25)
(0 100 25)
(5 100 25)
(10 100 25)
(15 100 25)
(20 100 25)
(25 100 25)
(30 100 25)
(35 100 25)
(0 70 30)
(5 70 30)
(10 70 30)
(15 70 30)
(20 70 30)
(25 70 30)
(30 70 30)
(35 70 30)
(0 75 30)
(5 75 30)
(10 75 30)
(15 75 30)
(20 75 30)
(25 75 30)
(30 75 30)
(35 75 30)
(0 80 30)
(5 80 30)
(10 80 30)
(15 80 30)
(20 80 30)
(25 80 30)
(30 80 30)
(35 80 30)
(0 85 30)
(5 85 30)
(10 85 30)
(15 85 30)
(20 85 30)
(25 85 30)
(30 85 30)
(35 85 30)
(0 90 30)
(5 90 30)
(10 90 30)
(15 90 30)
(20 90 30)
(25 90 30)
(30 90 30)
(35 90 30)
(0 95 30)
(5 95 30)
(10 95 30)
(15 95 30)
(20 95 30)
(25 95 30)
(30 95 30)
(35 95 30)
(0 100 30)
(5 100 30)
(10 100 30)
(15 100 30)
(20 100 30)
(25 100 30)
(30 100 30)
(35 100 30)
(0 70 35)
(5 70 35)
(10 70 35)
(15 70 35)
(20 70 35)
(25 70 35)
(30 70 35)
(35 70 35)
(0 75 35)
(5 75 35)
(10 75 35)
(15 75 35)
(20 75 35)
(25 75 35)
(30 75 35)
(35 75 35)
(0 80 35)
(5 80 35)
(10 80 35)
(15 80 35)
(20 80 35)
(25 80 35)
(30 80 35)
(35 80 35)
(0 85 35)
(5 85 35)
(10 85 35)
(15 85 35)
(20 85 35)
(25 85 35)
(30 85 35)
(35 85 35)
(0 90 35)
(5 90 35)
(10 90 35)
(15 90 35)
(20 90 35)
(25 90 35)
(30 90 35)
(35 90 35)
(0 95 35)
(5 95 35)
(10 95 35)
(15 95 35)
(20 95 35)
(25 95 35)
(30 95 35)
(35 95 35)
(0 100 35)
(5 100 35)
(10 100 35)
(15 100 35)
(20 100 35)
(25 100 35)
(30 100 35)
(35 100 35)
(0 70 40)
(5 70 40)
(10 70 40)
(15 70 40)
(20 70 40)
(25 70 40)
(30 70 40)
(35 70 40)
(0 75 40)
(5 75 40)
(10 75 40)
(15 75 40)
(20 75 40)
(25 75 40)
(30 75 40)
(35 75 40)
(0 80 40)
(5 80 40)
(10 80 40)
(15 80 40)
(20 80 40)
(25 80 40)
(30 80 40)
(35 80 40)
(0 85 40)
(5 85 40)
(10 85 40)
(15 85 40)
(20 85 40)
(25 85 40)
(30 85 40)
(35 85 40)
(0 90 40)
(5 90 40)
(10 90 40)
(15 90 40)
(20 90 40)
(25 90 40)
(30 90 40)
(35 90 40)
(0 95 40)
(5 95 40)
(10 95 40)
(15 95 40)
(20 95 40)
(25 95 40)
(30 95 40)
(35 95 40)
(0 100 40)
(5 100 40)
(10 100 40)
(15 100 40)
(20 100 40)
(25 100 40)
(30 100 40)
(35 100 40)
(0 70 45)
(5 70 45)
(10 70 45)
(15 70 45)
(20 70 45)
(25 70 45)
(30 70 45)
(35 70 45)
(0 75 45)
(5 75 45)
(10 75 45)
(15 75 45)
(20 75 45)
(25 75 45)
(30 75 45)
(35 75 45)
(0 80 45)
(5 80 45)
(10 80 45)
(15 80 45)
(20 80 45)
(25 80 45)
(30 80 45)
(35 80 45)
(0 85 45)
(5 85 45)
(10 85 45)
(15 85 45)
(20 85 45)
(25 85 45)
(30 85 45)
(35 85 45)
(0 90 45)
(5 90 45)
(10 90 45)
(15 90 45)
(20 90 45)
(25 90 45)
(30 90 45)
(35 90 45)
(0 95 45)
(5 95 45)
(10 95 45)
(15 95 45)
(20 95 45)
(25 95 45)
(30 95 45)
(35 95 45)
(0 100 45)
(5 100 45)
(10 100 45)
(15 100 45)
(20 100 45)
(25 100 45)
(30 100 45)
(35 100 45)
(0 70 50)
(5 70 50)
(10 70 50)
(15 70 50)
(20 70 50)
(25 70 50)
(30 70 50)
(35 70 50)
(0 75 50)
(5 75 50)
(10 75 50)
(15 75 50)
(20 75 50)
(25 75 50)
(30 75 50)
(35 75 50)
(0 80 50)
(5 80 50)
(10 80 50)
(15 80 50)
(20 80 50)
(25 80 50)
(30 80 50)
(35 80 50)
(0 85 50)
(5 85 50)
(10 85 50)
(15 85 50)
(20 85 50)
(25 85 50)
(30 85 50)
(35 85 50)
(0 90 50)
(5 90 50)
(10 90 50)
(15 90 50)
(20 90 50)
(25 90 50)
(30 90 50)
(35 90 50)
(0 95 50)
(5 95 50)
(10 95 50)
(15 95 50)
(20 95 50)
(25 95 50)
(30 95 50)
(35 95 50)
(0 100 50)
(5 100 50)
(10 100 50)
(15 100 50)
(20 100 50)
(25 100 50)
(30 100 50)
(35 100 50)
(40 65 25)
(45 65 25)
(50 65 25)
(55 65 25)
(60 65 25)
(40 70 25)
(45 70 25)
(50 70 25)
(55 70 25)
(60 70 25)
(65 70 25)
(40 75 25)
(45 75 25)
(50 75 25)
(55 75 25)
(60 75 25)
(65 75 25)
(40 80 25)
(45 80 25)
(50 80 25)
(55 80 25)
(60 80 25)
(65 80 25)
(40 85 25)
(45 85 25)
(50 85 25)
(55 85 25)
(60 85 25)
(65 85 25)
(40 90 25)
(45 90 25)
(50 90 25)
(55 90 25)
(60 90 25)
(65 90 25)
(40 95 25)
(45 95 25)
(50 95 25)
(55 95 25)
(60 95 25)
(65 95 25)
(40 100 25)
(45 100 25)
(50 100 25)
(55 100 25)
(60 100 25)
(65 100 25)
(40 65 30)
(45 65 30)
(50 65 30)
(55 65 30)
(60 65 30)
(40 70 30)
(45 70 30)
(50 70 30)
(55 70 30)
(60 70 30)
(65 70 30)
(40 75 30)
(45 75 30)
(50 75 30)
(55 75 30)
(60 75 30)
(65 75 30)
(40 80 30)
(45 80 30)
(50 80 30)
(55 80 30)
(60 80 30)
(65 80 30)
(40 85 30)
(45 85 30)
(50 85 30)
(55 85 30)
(60 85 30)
(65 85 30)
(40 90 30)
(45 90 30)
(50 90 30)
(55 90 30)
(60 90 30)
(65 90 30)
(40 95 30)
(45 95 30)
(50 95 30)
(55 95 30)
(60 95 30)
(65 95 30)
(40 100 30)
(45 100 30)
(50 100 30)
(55 100 30)
(60 100 30)
(65 100 30)
(40 65 35)
(45 65 35)
(50 65 35)
(55 65 35)
(60 65 35)
(40 70 35)
(45 70 35)
(50 70 35)
(55 70 35)
(60 70 35)
(65 70 35)
(40 75 35)
(45 75 35)
(50 75 35)
(55 75 35)
(60 75 35)
(65 75 35)
(40 80 35)
(45 80 35)
(50 80 35)
(55 80 35)
(60 80 35)
(65 80 35)
(40 85 35)
(45 85 35)
(50 85 35)
(55 85 35)
(60 85 35)
(65 85 35)
(40 90 35)
(45 90 35)
(50 90 35)
(55 90 35)
(60 90 35)
(65 90 35)
(40 95 35)
(45 95 35)
(50 95 35)
(55 95 35)
(60 95 35)
(65 95 35)
(40 100 35)
(45 100 35)
(50 100 35)
(55 100 35)
(60 100 35)
(65 100 35)
(40 65 40)
(45 65 40)
(50 65 40)
(55 65 40)
(60 65 40)
(40 70 40)
(45 70 40)
(50 70 40)
(55 70 40)
(60 70 40)
(65 70 40)
(40 75 40)
(45 75 40)
(50 75 40)
(55 75 40)
(60 75 40)
(65 75 40)
(40 80 40)
(45 80 40)
(50 80 40)
(55 80 40)
(60 80 40)
(65 80 40)
(40 85 40)
(45 85 40)
(50 85 40)
(55 85 40)
(60 85 40)
(65 85 40)
(40 90 40)
(45 90 40)
(50 90 40)
(55 90 40)
(60 90 40)
(65 90 40)
(40 95 40)
(45 95 40)
(50 95 40)
(55 95 40)
(60 95 40)
(65 95 40)
(40 100 40)
(45 100 40)
(50 100 40)
(55 100 40)
(60 100 40)
(65 100 40)
(40 65 45)
(45 65 45)
(50 65 45)
(55 65 45)
(60 65 45)
(40 70 45)
(45 70 45)
(50 70 45)
(55 70 45)
(60 70 45)
(65 70 45)
(40 75 45)
(45 75 45)
(50 75 45)
(55 75 45)
(60 75 45)
(65 75 45)
(40 80 45)
(45 80 45)
(50 80 45)
(55 80 45)
(60 80 45)
(65 80 45)
(40 85 45)
(45 85 45)
(50 85 45)
(55 85 45)
(60 85 45)
(65 85 45)
(40 90 45)
(45 90 45)
(50 90 45)
(55 90 45)
(60 90 45)
(65 90 45)
(40 95 45)
(45 95 45)
(50 95 45)
(55 95 45)
(60 95 45)
(65 95 45)
(40 100 45)
(45 100 45)
(50 100 45)
(55 100 45)
(60 100 45)
(65 100 45)
(40 65 50)
(45 65 50)
(50 65 50)
(55 65 50)
(60 65 50)
(40 70 50)
(45 70 50)
(50 70 50)
(55 70 50)
(60 70 50)
(65 70 50)
(40 75 50)
(45 75 50)
(50 75 50)
(55 75 50)
(60 75 50)
(65 75 50)
(40 80 50)
(45 80 50)
(50 80 50)
(55 80 50)
(60 80 50)
(65 80 50)
(40 85 50)
(45 85 50)
(50 85 50)
(55 85 50)
(60 85 50)
(65 85 50)
(40 90 50)
(45 90 50)
(50 90 50)
(55 90 50)
(60 90 50)
(65 90 50)
(40 95 50)
(45 95 50)
(50 95 50)
(55 95 50)
(60 95 50)
(65 95 50)
(40 100 50)
(45 100 50)
(50 100 50)
(55 100 50)
(60 100 50)
(65 100 50)
(70 70 25)
(75 70 25)
(80 70 25)
(85 70 25)
(90 70 25)
(95 70 25)
(100 70 25)
(70 75 25)
(75 75 25)
(80 75 25)
(85 75 25)
(90 75 25)
(95 75 25)
(100 75 25)
(70 80 25)
(75 80 25)
(80 80 25)
(85 80 25)
(90 80 25)
(95 80 25)
(100 80 25)
(70 85 25)
(75 85 25)
(80 85 25)
(85 85 25)
(90 85 25)
(95 85 25)
(100 85 25)
(70 90 25)
(75 90 25)
(80 90 25)
(85 90 25)
(90 90 25)
(95 90 25)
(100 90 25)
(70 95 25)
(75 95 25)
(80 95 25)
(85 95 25)
(90 95 25)
(95 95 25)
(100 95 25)
(70 100 25)
(75 100 25)
(80 100 25)
(85 100 25)
(90 100 25)
(95 100 25)
(100 100 25)
(70 70 30)
(75 70 30)
(80 70 30)
(85 70 30)
(90 70 30)
(95 70 30)
(100 70 30)
(70 75 30)
(75 75 30)
(80 75 30)
(85 75 30)
(90 75 30)
(95 75 30)
(100 75 30)
(70 80 30)
(75 80 30)
(80 80 30)
(85 80 30)
(90 80 30)
(95 80 30)
(100 80 30)
(70 85 30)
(75 85 30)
(80 85 30)
(85 85 30)
(90 85 30)
(95 85 30)
(100 85 30)
(70 90 30)
(75 90 30)
(80 90 30)
(85 90 30)
(90 90 30)
(95 90 30)
(100 90 30)
(70 95 30)
(75 95 30)
(80 95 30)
(85 95 30)
(90 95 30)
(95 95 30)
(100 95 30)
(70 100 30)
(75 100 30)
(80 100 30)
(85 100 30)
(90 100 30)
(95 100 30)
(100 100 30)
(70 70 35)
(75 70 35)
(80 70 35)
(85 70 35)
(90 70 35)
(95 70 35)
(100 70 35)
(70 75 35)
(75 75 35)
(80 75 35)
(85 75 35)
(90 75 35)
(95 75 35)
(100 75 35)
(70 80 35)
(75 80 35)
(80 80 35)
(85 80 35)
(90 80 35)
(95 80 35)
(100 80 35)
(70 85 35)
(75 85 35)
(80 85 35)
(85 85 35)
(90 85 35)
(95 85 35)
(100 85 35)
(70 90 35)
(75 90 35)
(80 90 35)
(85 90 35)
(90 90 35)
(95 90 35)
(100 90 35)
(70 95 35)
(75 95 35)
(80 95 35)
(85 95 35)
(90 95 35)
(95 95 35)
(100 95 35)
(70 100 35)
(75 100 35)
(80 100 35)
(85 100 35)
(90 100 35)
(95 100 35)
(100 100 35)
(70 70 40)
(75 70 40)
(80 70 40)
(85 70 40)
(90 70 40)
(95 70 40)
(100 70 40)
(70 75 40)
(75 75 40)
(80 75 40)
(85 75 40)
(90 75 40)
(95 75 40)
(100 75 40)
(70 80 40)
(75 80 40)
(80 80 40)
(85 80 40)
(90 80 40)
(95 80 40)
(100 80 40)
(70 85 40)
(75 85 40)
(80 85 40)
(85 85 40)
(90 85 40)
(95 85 40)
(100 85 40)
(70 90 40)
(75 90 40)
(80 90 40)
(85 90 40)
(90 90 40)
(95 90 40)
(100 90 40)
(70 95 40)
(75 95 40)
(80 95 40)
(85 95 40)
(90 95 40)
(95 95 40)
(100 95 40)
(70 100 40)
(75 100 40)
(80 100 40)
(85 100 40)
(90 100 40)
(95 100 40)
(100 100 40)
(70 70 45)
(75 70 45)
(80 70 45)
(85 70 45)
(90 70 45)
(95 70 45)
(100 70 45)
(70 75 45)
(75 75 45)
(80 75 45)
(85 75 45)
(90 75 45)
(95 75 45)
(100 75 45)
(70 80 45)
(75 80 45)
(80 80 45)
(85 80 45)
(90 80 45)
(95 80 45)
(100 80 45)
(70 85 45)
(75 85 45)
(80 85 45)
(85 85 45)
(90 85 45)
(95 85 45)
(100 85 45)
(70 90 45)
(75 90 45)
(80 90 45)
(85 90 45)
(90 90 45)
(95 90 45)
(100 90 45)
(70 95 45)
(75 95 45)
(80 95 45)
(85 95 45)
(90 95 45)
(95 95 45)
(100 95 45)
(70 100 45)
(75 100 45)
(80 100 45)
(85 100 45)
(90 100 45)
(95 100 45)
(100 100 45)
(70 70 50)
(75 70 50)
(80 70 50)
(85 70 50)
(90 70 50)
(95 70 50)
(100 70 50)
(70 75 50)
(75 75 50)
(80 75 50)
(85 75 50)
(90 75 50)
(95 75 50)
(100 75 50)
(70 80 50)
(75 80 50)
(80 80 50)
(85 80 50)
(90 80 50)
(95 80 50)
(100 80 50)
(70 85 50)
(75 85 50)
(80 85 50)
(85 85 50)
(90 85 50)
(95 85 50)
(100 85 50)
(70 90 50)
(75 90 50)
(80 90 50)
(85 90 50)
(90 90 50)
(95 90 50)
(100 90 50)
(70 95 50)
(75 95 50)
(80 95 50)
(85 95 50)
(90 95 50)
(95 95 50)
(100 95 50)
(70 100 50)
(75 100 50)
(80 100 50)
(85 100 50)
(90 100 50)
(95 100 50)
(100 100 50)
(0 0 55)
(5 0 55)
(10 0 55)
(15 0 55)
(20 0 55)
(25 0 55)
(30 0 55)
(35 0 55)
(0 5 55)
(5 5 55)
(10 5 55)
(15 5 55)
(20 5 55)
(25 5 55)
(30 5 55)
(35 5 55)
(0 10 55)
(5 10 55)
(10 10 55)
(15 10 55)
(20 10 55)
(25 10 55)
(30 10 55)
(35 10 55)
(0 15 55)
(5 15 55)
(10 15 55)
(15 15 55)
(20 15 55)
(25 15 55)
(30 15 55)
(35 15 55)
(0 20 55)
(5 20 55)
(10 20 55)
(15 20 55)
(20 20 55)
(25 20 55)
(30 20 55)
(35 20 55)
(0 25 55)
(5 25 55)
(10 25 55)
(15 25 55)
(20 25 55)
(25 25 55)
(30 25 55)
(35 25 55)
(0 30 55)
(5 30 55)
(10 30 55)
(15 30 55)
(20 30 55)
(25 30 55)
(30 30 55)
(35 30 55)
(0 35 55)
(5 35 55)
(10 35 55)
(15 35 55)
(20 35 55)
(25 35 55)
(30 35 55)
(35 35 55)
(0 0 60)
(5 0 60)
(10 0 60)
(15 0 60)
(20 0 60)
(25 0 60)
(30 0 60)
(35 0 60)
(0 5 60)
(5 5 60)
(10 5 60)
(15 5 60)
(20 5 60)
(25 5 60)
(30 5 60)
(35 5 60)
(0 10 60)
(5 10 60)
(10 10 60)
(15 10 60)
(20 10 60)
(25 10 60)
(30 10 60)
(35 10 60)
(0 15 60)
(5 15 60)
(10 15 60)
(15 15 60)
(20 15 60)
(25 15 60)
(30 15 60)
(35 15 60)
(0 20 60)
(5 20 60)
(10 20 60)
(15 20 60)
(20 20 60)
(25 20 60)
(30 20 60)
(35 20 60)
(0 25 60)
(5 25 60)
(10 25 60)
(15 25 60)
(20 25 60)
(25 25 60)
(30 25 60)
(35 25 60)
(0 30 60)
(5 30 60)
(10 30 60)
(15 30 60)
(20 30 60)
(25 30 60)
(30 30 60)
(35 30 60)
(0 35 60)
(5 35 60)
(10 35 60)
(15 35 60)
(20 35 60)
(25 35 60)
(30 35 60)
(35 35 60)
(0 0 65)
(5 0 65)
(10 0 65)
(15 0 65)
(20 0 65)
(25 0 65)
(30 0 65)
(35 0 65)
(0 5 65)
(5 5 65)
(10 5 65)
(15 5 65)
(20 5 65)
(25 5 65)
(30 5 65)
(35 5 65)
(0 10 65)
(5 10 65)
(10 10 65)
(15 10 65)
(20 10 65)
(25 10 65)
(30 10 65)
(35 10 65)
(0 15 65)
(5 15 65)
(10 15 65)
(15 15 65)
(20 15 65)
(25 15 65)
(30 15 65)
(35 15 65)
(0 20 65)
(5 20 65)
(10 20 65)
(15 20 65)
(20 20 65)
(25 20 65)
(30 20 65)
(35 20 65)
(0 25 65)
(5 25 65)
(10 25 65)
(15 25 65)
(20 25 65)
(25 25 65)
(30 25 65)
(35 25 65)
(0 30 65)
(5 30 65)
(10 30 65)
(15 30 65)
(20 30 65)
(25 30 65)
(30 30 65)
(35 30 65)
(0 35 65)
(5 35 65)
(10 35 65)
(15 35 65)
(20 35 65)
(25 35 65)
(30 35 65)
(35 35 65)
(0 0 70)
(5 0 70)
(10 0 70)
(15 0 70)
(20 0 70)
(25 0 70)
(30 0 70)
(35 0 70)
(0 5 70)
(5 5 70)
(10 5 70)
(15 5 70)
(20 5 70)
(25 5 70)
(30 5 70)
(35 5 70)
(0 10 70)
(5 10 70)
(10 10 70)
(15 10 70)
(20 10 70)
(25 10 70)
(30 10 70)
(35 10 70)
(0 15 70)
(5 15 70)
(10 15 70)
(15 15 70)
(20 15 70)
(25 15 70)
(30 15 70)
(35 15 70)
(0 20 70)
(5 20 70)
(10 20 70)
(15 20 70)
(20 20 70)
(25 20 70)
(30 20 70)
(35 20 70)
(0 25 70)
(5 25 70)
(10 25 70)
(15 25 70)
(20 25 70)
(25 25 70)
(30 25 70)
(35 25 70)
(0 30 70)
(5 30 70)
(10 30 70)
(15 30 70)
(20 30 70)
(25 30 70)
(30 30 70)
(35 30 70)
(0 35 70)
(5 35 70)
(10 35 70)
(15 35 70)
(20 35 70)
(25 35 70)
(30 35 70)
(35 35 70)
(0 0 75)
(5 0 75)
(10 0 75)
(15 0 75)
(20 0 75)
(25 0 75)
(30 0 75)
(35 0 75)
(0 5 75)
(5 5 75)
(10 5 75)
(15 5 75)
(20 5 75)
(25 5 75)
(30 5 75)
(35 5 75)
(0 10 75)
(5 10 75)
(10 10 75)
(15 10 75)
(20 10 75)
(25 10 75)
(30 10 75)
(35 10 75)
(0 15 75)
(5 15 75)
(10 15 75)
(15 15 75)
(20 15 75)
(25 15 75)
(30 15 75)
(35 15 75)
(0 20 75)
(5 20 75)
(10 20 75)
(15 20 75)
(20 20 75)
(25 20 75)
(30 20 75)
(35 20 75)
(0 25 75)
(5 25 75)
(10 25 75)
(15 25 75)
(20 25 75)
(25 25 75)
(30 25 75)
(35 25 75)
(0 30 75)
(5 30 75)
(10 30 75)
(15 30 75)
(20 30 75)
(25 30 75)
(30 30 75)
(35 30 75)
(0 35 75)
(5 35 75)
(10 35 75)
(15 35 75)
(20 35 75)
(25 35 75)
(30 35 75)
(35 35 75)
(0 0 80)
(5 0 80)
(10 0 80)
(15 0 80)
(20 0 80)
(25 0 80)
(30 0 80)
(35 0 80)
(0 5 80)
(5 5 80)
(10 5 80)
(15 5 80)
(20 5 80)
(25 5 80)
(30 5 80)
(35 5 80)
(0 10 80)
(5 10 80)
(10 10 80)
(15 10 80)
(20 10 80)
(25 10 80)
(30 10 80)
(35 10 80)
(0 15 80)
(5 15 80)
(10 15 80)
(15 15 80)
(20 15 80)
(25 15 80)
(30 15 80)
(35 15 80)
(0 20 80)
(5 20 80)
(10 20 80)
(15 20 80)
(20 20 80)
(25 20 80)
(30 20 80)
(35 20 80)
(0 25 80)
(5 25 80)
(10 25 80)
(15 25 80)
(20 25 80)
(25 25 80)
(30 25 80)
(35 25 80)
(0 30 80)
(5 30 80)
(10 30 80)
(15 30 80)
(20 30 80)
(25 30 80)
(30 30 80)
(35 30 80)
(0 35 80)
(5 35 80)
(10 35 80)
(15 35 80)
(20 35 80)
(25 35 80)
(30 35 80)
(35 35 80)
(0 0 85)
(5 0 85)
(10 0 85)
(15 0 85)
(20 0 85)
(25 0 85)
(30 0 85)
(35 0 85)
(0 5 85)
(5 5 85)
(10 5 85)
(15 5 85)
(20 5 85)
(25 5 85)
(30 5 85)
(35 5 85)
(0 10 85)
(5 10 85)
(10 10 85)
(15 10 85)
(20 10 85)
(25 10 85)
(30 10 85)
(35 10 85)
(0 15 85)
(5 15 85)
(10 15 85)
(15 15 85)
(20 15 85)
(25 15 85)
(30 15 85)
(35 15 85)
(0 20 85)
(5 20 85)
(10 20 85)
(15 20 85)
(20 20 85)
(25 20 85)
(30 20 85)
(35 20 85)
(0 25 85)
(5 25 85)
(10 25 85)
(15 25 85)
(20 25 85)
(25 25 85)
(30 25 85)
(35 25 85)
(0 30 85)
(5 30 85)
(10 30 85)
(15 30 85)
(20 30 85)
(25 30 85)
(30 30 85)
(35 30 85)
(0 35 85)
(5 35 85)
(10 35 85)
(15 35 85)
(20 35 85)
(25 35 85)
(30 35 85)
(35 35 85)
(0 0 90)
(5 0 90)
(10 0 90)
(15 0 90)
(20 0 90)
(25 0 90)
(30 0 90)
(35 0 90)
(0 5 90)
(5 5 90)
(10 5 90)
(15 5 90)
(20 5 90)
(25 5 90)
(30 5 90)
(35 5 90)
(0 10 90)
(5 10 90)
(10 10 90)
(15 10 90)
(20 10 90)
(25 10 90)
(30 10 90)
(35 10 90)
(0 15 90)
(5 15 90)
(10 15 90)
(15 15 90)
(20 15 90)
(25 15 90)
(30 15 90)
(35 15 90)
(0 20 90)
(5 20 90)
(10 20 90)
(15 20 90)
(20 20 90)
(25 20 90)
(30 20 90)
(35 20 90)
(0 25 90)
(5 25 90)
(10 25 90)
(15 25 90)
(20 25 90)
(25 25 90)
(30 25 90)
(35 25 90)
(0 30 90)
(5 30 90)
(10 30 90)
(15 30 90)
(20 30 90)
(25 30 90)
(30 30 90)
(35 30 90)
(0 35 90)
(5 35 90)
(10 35 90)
(15 35 90)
(20 35 90)
(25 35 90)
(30 35 90)
(35 35 90)
(0 0 95)
(5 0 95)
(10 0 95)
(15 0 95)
(20 0 95)
(25 0 95)
(30 0 95)
(35 0 95)
(0 5 95)
(5 5 95)
(10 5 95)
(15 5 95)
(20 5 95)
(25 5 95)
(30 5 95)
(35 5 95)
(0 10 95)
(5 10 95)
(10 10 95)
(15 10 95)
(20 10 95)
(25 10 95)
(30 10 95)
(35 10 95)
(0 15 95)
(5 15 95)
(10 15 95)
(15 15 95)
(20 15 95)
(25 15 95)
(30 15 95)
(35 15 95)
(0 20 95)
(5 20 95)
(10 20 95)
(15 20 95)
(20 20 95)
(25 20 95)
(30 20 95)
(35 20 95)
(0 25 95)
(5 25 95)
(10 25 95)
(15 25 95)
(20 25 95)
(25 25 95)
(30 25 95)
(35 25 95)
(0 30 95)
(5 30 95)
(10 30 95)
(15 30 95)
(20 30 95)
(25 30 95)
(30 30 95)
(35 30 95)
(0 35 95)
(5 35 95)
(10 35 95)
(15 35 95)
(20 35 95)
(25 35 95)
(30 35 95)
(35 35 95)
(0 0 100)
(5 0 100)
(10 0 100)
(15 0 100)
(20 0 100)
(25 0 100)
(30 0 100)
(35 0 100)
(0 5 100)
(5 5 100)
(10 5 100)
(15 5 100)
(20 5 100)
(25 5 100)
(30 5 100)
(35 5 100)
(0 10 100)
(5 10 100)
(10 10 100)
(15 10 100)
(20 10 100)
(25 10 100)
(30 10 100)
(35 10 100)
(0 15 100)
(5 15 100)
(10 15 100)
(15 15 100)
(20 15 100)
(25 15 100)
(30 15 100)
(35 15 100)
(0 20 100)
(5 20 100)
(10 20 100)
(15 20 100)
(20 20 100)
(25 20 100)
(30 20 100)
(35 20 100)
(0 25 100)
(5 25 100)
(10 25 100)
(15 25 100)
(20 25 100)
(25 25 100)
(30 25 100)
(35 25 100)
(0 30 100)
(5 30 100)
(10 30 100)
(15 30 100)
(20 30 100)
(25 30 100)
(30 30 100)
(35 30 100)
(0 35 100)
(5 35 100)
(10 35 100)
(15 35 100)
(20 35 100)
(25 35 100)
(30 35 100)
(35 35 100)
(40 0 55)
(45 0 55)
(50 0 55)
(55 0 55)
(60 0 55)
(65 0 55)
(40 5 55)
(45 5 55)
(50 5 55)
(55 5 55)
(60 5 55)
(65 5 55)
(40 10 55)
(45 10 55)
(50 10 55)
(55 10 55)
(60 10 55)
(65 10 55)
(40 15 55)
(45 15 55)
(50 15 55)
(55 15 55)
(60 15 55)
(65 15 55)
(40 20 55)
(45 20 55)
(50 20 55)
(55 20 55)
(60 20 55)
(65 20 55)
(40 25 55)
(45 25 55)
(50 25 55)
(55 25 55)
(60 25 55)
(65 25 55)
(40 30 55)
(45 30 55)
(50 30 55)
(55 30 55)
(60 30 55)
(65 30 55)
(40 35 55)
(45 35 55)
(50 35 55)
(55 35 55)
(60 35 55)
(65 35 55)
(40 0 60)
(45 0 60)
(50 0 60)
(55 0 60)
(60 0 60)
(65 0 60)
(40 5 60)
(45 5 60)
(50 5 60)
(55 5 60)
(60 5 60)
(65 5 60)
(40 10 60)
(45 10 60)
(50 10 60)
(55 10 60)
(60 10 60)
(65 10 60)
(40 15 60)
(45 15 60)
(50 15 60)
(55 15 60)
(60 15 60)
(65 15 60)
(40 20 60)
(45 20 60)
(50 20 60)
(55 20 60)
(60 20 60)
(65 20 60)
(40 25 60)
(45 25 60)
(50 25 60)
(55 25 60)
(60 25 60)
(65 25 60)
(40 30 60)
(45 30 60)
(50 30 60)
(55 30 60)
(60 30 60)
(65 30 60)
(40 35 60)
(45 35 60)
(50 35 60)
(55 35 60)
(60 35 60)
(65 35 60)
(40 0 65)
(45 0 65)
(50 0 65)
(55 0 65)
(60 0 65)
(65 0 65)
(40 5 65)
(45 5 65)
(50 5 65)
(55 5 65)
(60 5 65)
(65 5 65)
(40 10 65)
(45 10 65)
(50 10 65)
(55 10 65)
(60 10 65)
(65 10 65)
(40 15 65)
(45 15 65)
(50 15 65)
(55 15 65)
(60 15 65)
(65 15 65)
(40 20 65)
(45 20 65)
(50 20 65)
(55 20 65)
(60 20 65)
(65 20 65)
(40 25 65)
(45 25 65)
(50 25 65)
(55 25 65)
(60 25 65)
(65 25 65)
(40 30 65)
(45 30 65)
(50 30 65)
(55 30 65)
(60 30 65)
(65 30 65)
(40 35 65)
(45 35 65)
(50 35 65)
(55 35 65)
(60 35 65)
(65 35 65)
(40 0 70)
(45 0 70)
(50 0 70)
(55 0 70)
(60 0 70)
(65 0 70)
(40 5 70)
(45 5 70)
(50 5 70)
(55 5 70)
(60 5 70)
(65 5 70)
(40 10 70)
(45 10 70)
(50 10 70)
(55 10 70)
(60 10 70)
(65 10 70)
(40 15 70)
(45 15 70)
(50 15 70)
(55 15 70)
(60 15 70)
(65 15 70)
(40 20 70)
(45 20 70)
(50 20 70)
(55 20 70)
(60 20 70)
(65 20 70)
(40 25 70)
(45 25 70)
(50 25 70)
(55 25 70)
(60 25 70)
(65 25 70)
(40 30 70)
(45 30 70)
(50 30 70)
(55 30 70)
(60 30 70)
(65 30 70)
(40 35 70)
(45 35 70)
(50 35 70)
(55 35 70)
(60 35 70)
(65 35 70)
(40 0 75)
(45 0 75)
(50 0 75)
(55 0 75)
(60 0 75)
(65 0 75)
(40 5 75)
(45 5 75)
(50 5 75)
(55 5 75)
(60 5 75)
(65 5 75)
(40 10 75)
(45 10 75)
(50 10 75)
(55 10 75)
(60 10 75)
(65 10 75)
(40 15 75)
(45 15 75)
(50 15 75)
(55 15 75)
(60 15 75)
(65 15 75)
(40 20 75)
(45 20 75)
(50 20 75)
(55 20 75)
(60 20 75)
(65 20 75)
(40 25 75)
(45 25 75)
(50 25 75)
(55 25 75)
(60 25 75)
(65 25 75)
(40 30 75)
(45 30 75)
(50 30 75)
(55 30 75)
(60 30 75)
(65 30 75)
(40 35 75)
(45 35 75)
(50 35 75)
(55 35 75)
(60 35 75)
(65 35 75)
(40 0 80)
(45 0 80)
(50 0 80)
(55 0 80)
(60 0 80)
(65 0 80)
(40 5 80)
(45 5 80)
(50 5 80)
(55 5 80)
(60 5 80)
(65 5 80)
(40 10 80)
(45 10 80)
(50 10 80)
(55 10 80)
(60 10 80)
(65 10 80)
(40 15 80)
(45 15 80)
(50 15 80)
(55 15 80)
(60 15 80)
(65 15 80)
(40 20 80)
(45 20 80)
(50 20 80)
(55 20 80)
(60 20 80)
(65 20 80)
(40 25 80)
(45 25 80)
(50 25 80)
(55 25 80)
(60 25 80)
(65 25 80)
(40 30 80)
(45 30 80)
(50 30 80)
(55 30 80)
(60 30 80)
(65 30 80)
(40 35 80)
(45 35 80)
(50 35 80)
(55 35 80)
(60 35 80)
(65 35 80)
(40 0 85)
(45 0 85)
(50 0 85)
(55 0 85)
(60 0 85)
(65 0 85)
(40 5 85)
(45 5 85)
(50 5 85)
(55 5 85)
(60 5 85)
(65 5 85)
(40 10 85)
(45 10 85)
(50 10 85)
(55 10 85)
(60 10 85)
(65 10 85)
(40 15 85)
(45 15 85)
(50 15 85)
(55 15 85)
(60 15 85)
(65 15 85)
(40 20 85)
(45 20 85)
(50 20 85)
(55 20 85)
(60 20 85)
(65 20 85)
(40 25 85)
(45 25 85)
(50 25 85)
(55 25 85)
(60 25 85)
(65 25 85)
(40 30 85)
(45 30 85)
(50 30 85)
(55 30 85)
(60 30 85)
(65 30 85)
(40 35 85)
(45 35 85)
(50 35 85)
(55 35 85)
(60 35 85)
(65 35 85)
(40 0 90)
(45 0 90)
(50 0 90)
(55 0 90)
(60 0 90)
(65 0 90)
(40 5 90)
(45 5 90)
(50 5 90)
(55 5 90)
(60 5 90)
(65 5 90)
(40 10 90)
(45 10 90)
(50 10 90)
(55 10 90)
(60 10 90)
(65 10 90)
(40 15 90)
(45 15 90)
(50 15 90)
(55 15 90)
(60 15 90)
(65 15 90)
(40 20 90)
(45 20 90)
(50 20 90)
(55 20 90)
(60 20 90)
(65 20 90)
(40 25 90)
(45 25 90)
(50 25 90)
(55 25 90)
(60 25 90)
(65 25 90)
(40 30 90)
(45 30 90)
(50 30 90)
(55 30 90)
(60 30 90)
(65 30 90)
(40 35 90)
(45 35 90)
(50 35 90)
(55 35 90)
(60 35 90)
(65 35 90)
(40 0 95)
(45 0 95)
(50 0 95)
(55 0 95)
(60 0 95)
(65 0 95)
(40 5 95)
(45 5 95)
(50 5 95)
(55 5 95)
(60 5 95)
(65 5 95)
(40 10 95)
(45 10 95)
(50 10 95)
(55 10 95)
(60 10 95)
(65 10 95)
(40 15 95)
(45 15 95)
(50 15 95)
(55 15 95)
(60 15 95)
(65 15 95)
(40 20 95)
(45 20 95)
(50 20 95)
(55 20 95)
(60 20 95)
(65 20 95)
(40 25 95)
(45 25 95)
(50 25 95)
(55 25 95)
(60 25 95)
(65 25 95)
(40 30 95)
(45 30 95)
(50 30 95)
(55 30 95)
(60 30 95)
(65 30 95)
(40 35 95)
(45 35 95)
(50 35 95)
(55 35 95)
(60 35 95)
(65 35 95)
(40 0 100)
(45 0 100)
(50 0 100)
(55 0 100)
(60 0 100)
(65 0 100)
(40 5 100)
(45 5 100)
(50 5 100)
(55 5 100)
(60 5 100)
(65 5 100)
(40 10 100)
(45 10 100)
(50 10 100)
(55 10 100)
(60 10 100)
(65 10 100)
(40 15 100)
(45 15 100)
(50 15 100)
(55 15 100)
(60 15 100)
(65 15 100)
(40 20 100)
(45 20 100)
(50 20 100)
(55 20 100)
(60 20 100)
(65 20 100)
(40 25 100)
(45 25 100)
(50 25 100)
(55 25 100)
(60 25 100)
(65 25 100)
(40 30 100)
(45 30 100)
(50 30 100)
(55 30 100)
(60 30 100)
(65 30 100)
(40 35 100)
(45 35 100)
(50 35 100)
(55 35 100)
(60 35 100)
(65 35 100)
(70 0 55)
(75 0 55)
(80 0 55)
(85 0 55)
(90 0 55)
(95 0 55)
(100 0 55)
(70 5 55)
(75 5 55)
(80 5 55)
(85 5 55)
(90 5 55)
(95 5 55)
(100 5 55)
(70 10 55)
(75 10 55)
(80 10 55)
(85 10 55)
(90 10 55)
(95 10 55)
(100 10 55)
(70 15 55)
(75 15 55)
(80 15 55)
(85 15 55)
(90 15 55)
(95 15 55)
(100 15 55)
(70 20 55)
(75 20 55)
(80 20 55)
(85 20 55)
(90 20 55)
(95 20 55)
(100 20 55)
(70 25 55)
(75 25 55)
(80 25 55)
(85 25 55)
(90 25 55)
(95 25 55)
(100 25 55)
(70 30 55)
(75 30 55)
(80 30 55)
(85 30 55)
(90 30 55)
(95 30 55)
(100 30 55)
(70 35 55)
(75 35 55)
(80 35 55)
(85 35 55)
(90 35 55)
(95 35 55)
(100 35 55)
(70 0 60)
(75 0 60)
(80 0 60)
(85 0 60)
(90 0 60)
(95 0 60)
(100 0 60)
(70 5 60)
(75 5 60)
(80 5 60)
(85 5 60)
(90 5 60)
(95 5 60)
(100 5 60)
(70 10 60)
(75 10 60)
(80 10 60)
(85 10 60)
(90 10 60)
(95 10 60)
(100 10 60)
(70 15 60)
(75 15 60)
(80 15 60)
(85 15 60)
(90 15 60)
(95 15 60)
(100 15 60)
(70 20 60)
(75 20 60)
(80 20 60)
(85 20 60)
(90 20 60)
(95 20 60)
(100 20 60)
(70 25 60)
(75 25 60)
(80 25 60)
(85 25 60)
(90 25 60)
(95 25 60)
(100 25 60)
(70 30 60)
(75 30 60)
(80 30 60)
(85 30 60)
(90 30 60)
(95 30 60)
(100 30 60)
(70 35 60)
(75 35 60)
(80 35 60)
(85 35 60)
(90 35 60)
(95 35 60)
(100 35 60)
(70 0 65)
(75 0 65)
(80 0 65)
(85 0 65)
(90 0 65)
(95 0 65)
(100 0 65)
(70 5 65)
(75 5 65)
(80 5 65)
(85 5 65)
(90 5 65)
(95 5 65)
(100 5 65)
(70 10 65)
(75 10 65)
(80 10 65)
(85 10 65)
(90 10 65)
(95 10 65)
(100 10 65)
(70 15 65)
(75 15 65)
(80 15 65)
(85 15 65)
(90 15 65)
(95 15 65)
(100 15 65)
(70 20 65)
(75 20 65)
(80 20 65)
(85 20 65)
(90 20 65)
(95 20 65)
(100 20 65)
(70 25 65)
(75 25 65)
(80 25 65)
(85 25 65)
(90 25 65)
(95 25 65)
(100 25 65)
(70 30 65)
(75 30 65)
(80 30 65)
(85 30 65)
(90 30 65)
(95 30 65)
(100 30 65)
(70 35 65)
(75 35 65)
(80 35 65)
(85 35 65)
(90 35 65)
(95 35 65)
(100 35 65)
(70 0 70)
(75 0 70)
(80 0 70)
(85 0 70)
(90 0 70)
(95 0 70)
(100 0 70)
(70 5 70)
(75 5 70)
(80 5 70)
(85 5 70)
(90 5 70)
(95 5 70)
(100 5 70)
(70 10 70)
(75 10 70)
(80 10 70)
(85 10 70)
(90 10 70)
(95 10 70)
(100 10 70)
(70 15 70)
(75 15 70)
(80 15 70)
(85 15 70)
(90 15 70)
(95 15 70)
(100 15 70)
(70 20 70)
(75 20 70)
(80 20 70)
(85 20 70)
(90 20 70)
(95 20 70)
(100 20 70)
(70 25 70)
(75 25 70)
(80 25 70)
(85 25 70)
(90 25 70)
(95 25 70)
(100 25 70)
(70 30 70)
(75 30 70)
(80 30 70)
(85 30 70)
(90 30 70)
(95 30 70)
(100 30 70)
(70 35 70)
(75 35 70)
(80 35 70)
(85 35 70)
(90 35 70)
(95 35 70)
(100 35 70)
(70 0 75)
(75 0 75)
(80 0 75)
(85 0 75)
(90 0 75)
(95 0 75)
(100 0 75)
(70 5 75)
(75 5 75)
(80 5 75)
(85 5 75)
(90 5 75)
(95 5 75)
(100 5 75)
(70 10 75)
(75 10 75)
(80 10 75)
(85 10 75)
(90 10 75)
(95 10 75)
(100 10 75)
(70 15 75)
(75 15 75)
(80 15 75)
(85 15 75)
(90 15 75)
(95 15 75)
(100 15 75)
(70 20 75)
(75 20 75)
(80 20 75)
(85 20 75)
(90 20 75)
(95 20 75)
(100 20 75)
(70 25 75)
(75 25 75)
(80 25 75)
(85 25 75)
(90 25 75)
(95 25 75)
(100 25 75)
(70 30 75)
(75 30 75)
(80 30 75)
(85 30 75)
(90 30 75)
(95 30 75)
(100 30 75)
(70 35 75)
(75 35 75)
(80 35 75)
(85 35 75)
(90 35 75)
(95 35 75)
(100 35 75)
(70 0 80)
(75 0 80)
(80 0 80)
(85 0 80)
(90 0 80)
(95 0 80)
(100 0 80)
(70 5 80)
(75 5 80)
(80 5 80)
(85 5 80)
(90 5 80)
(95 5 80)
(100 5 80)
(70 10 80)
(75 10 80)
(80 10 80)
(85 10 80)
(90 10 80)
(95 10 80)
(100 10 80)
(70 15 80)
(75 15 80)
(80 15 80)
(85 15 80)
(90 15 80)
(95 15 80)
(100 15 80)
(70 20 80)
(75 20 80)
(80 20 80)
(85 20 80)
(90 20 80)
(95 20 80)
(100 20 80)
(70 25 80)
(75 25 80)
(80 25 80)
(85 25 80)
(90 25 80)
(95 25 80)
(100 25 80)
(70 30 80)
(75 30 80)
(80 30 80)
(85 30 80)
(90 30 80)
(95 30 80)
(100 30 80)
(70 35 80)
(75 35 80)
(80 35 80)
(85 35 80)
(90 35 80)
(95 35 80)
(100 35 80)
(70 0 85)
(75 0 85)
(80 0 85)
(85 0 85)
(90 0 85)
(95 0 85)
(100 0 85)
(70 5 85)
(75 5 85)
(80 5 85)
(85 5 85)
(90 5 85)
(95 5 85)
(100 5 85)
(70 10 85)
(75 10 85)
(80 10 85)
(85 10 85)
(90 10 85)
(95 10 85)
(100 10 85)
(70 15 85)
(75 15 85)
(80 15 85)
(85 15 85)
(90 15 85)
(95 15 85)
(100 15 85)
(70 20 85)
(75 20 85)
(80 20 85)
(85 20 85)
(90 20 85)
(95 20 85)
(100 20 85)
(70 25 85)
(75 25 85)
(80 25 85)
(85 25 85)
(90 25 85)
(95 25 85)
(100 25 85)
(70 30 85)
(75 30 85)
(80 30 85)
(85 30 85)
(90 30 85)
(95 30 85)
(100 30 85)
(70 35 85)
(75 35 85)
(80 35 85)
(85 35 85)
(90 35 85)
(95 35 85)
(100 35 85)
(70 0 90)
(75 0 90)
(80 0 90)
(85 0 90)
(90 0 90)
(95 0 90)
(100 0 90)
(70 5 90)
(75 5 90)
(80 5 90)
(85 5 90)
(90 5 90)
(95 5 90)
(100 5 90)
(70 10 90)
(75 10 90)
(80 10 90)
(85 10 90)
(90 10 90)
(95 10 90)
(100 10 90)
(70 15 90)
(75 15 90)
(80 15 90)
(85 15 90)
(90 15 90)
(95 15 90)
(100 15 90)
(70 20 90)
(75 20 90)
(80 20 90)
(85 20 90)
(90 20 90)
(95 20 90)
(100 20 90)
(70 25 90)
(75 25 90)
(80 25 90)
(85 25 90)
(90 25 90)
(95 25 90)
(100 25 90)
(70 30 90)
(75 30 90)
(80 30 90)
(85 30 90)
(90 30 90)
(95 30 90)
(100 30 90)
(70 35 90)
(75 35 90)
(80 35 90)
(85 35 90)
(90 35 90)
(95 35 90)
(100 35 90)
(70 0 95)
(75 0 95)
(80 0 95)
(85 0 95)
(90 0 95)
(95 0 95)
(100 0 95)
(70 5 95)
(75 5 95)
(80 5 95)
(85 5 95)
(90 5 95)
(95 5 95)
(100 5 95)
(70 10 95)
(75 10 95)
(80 10 95)
(85 10 95)
(90 10 95)
(95 10 95)
(100 10 95)
(70 15 95)
(75 15 95)
(80 15 95)
(85 15 95)
(90 15 95)
(95 15 95)
(100 15 95)
(70 20 95)
(75 20 95)
(80 20 95)
(85 20 95)
(90 20 95)
(95 20 95)
(100 20 95)
(70 25 95)
(75 25 95)
(80 25 95)
(85 25 95)
(90 25 95)
(95 25 95)
(100 25 95)
(70 30 95)
(75 30 95)
(80 30 95)
(85 30 95)
(90 30 95)
(95 30 95)
(100 30 95)
(70 35 95)
(75 35 95)
(80 35 95)
(85 35 95)
(90 35 95)
(95 35 95)
(100 35 95)
(70 0 100)
(75 0 100)
(80 0 100)
(85 0 100)
(90 0 100)
(95 0 100)
(100 0 100)
(70 5 100)
(75 5 100)
(80 5 100)
(85 5 100)
(90 5 100)
(95 5 100)
(100 5 100)
(70 10 100)
(75 10 100)
(80 10 100)
(85 10 100)
(90 10 100)
(95 10 100)
(100 10 100)
(70 15 100)
(75 15 100)
(80 15 100)
(85 15 100)
(90 15 100)
(95 15 100)
(100 15 100)
(70 20 100)
(75 20 100)
(80 20 100)
(85 20 100)
(90 20 100)
(95 20 100)
(100 20 100)
(70 25 100)
(75 25 100)
(80 25 100)
(85 25 100)
(90 25 100)
(95 25 100)
(100 25 100)
(70 30 100)
(75 30 100)
(80 30 100)
(85 30 100)
(90 30 100)
(95 30 100)
(100 30 100)
(70 35 100)
(75 35 100)
(80 35 100)
(85 35 100)
(90 35 100)
(95 35 100)
(100 35 100)
(0 40 55)
(5 40 55)
(10 40 55)
(15 40 55)
(20 40 55)
(25 40 55)
(30 40 55)
(35 40 55)
(0 45 55)
(5 45 55)
(10 45 55)
(15 45 55)
(20 45 55)
(25 45 55)
(30 45 55)
(35 45 55)
(0 50 55)
(5 50 55)
(10 50 55)
(15 50 55)
(20 50 55)
(25 50 55)
(30 50 55)
(35 50 55)
(0 55 55)
(5 55 55)
(10 55 55)
(15 55 55)
(20 55 55)
(25 55 55)
(30 55 55)
(35 55 55)
(0 60 55)
(5 60 55)
(10 60 55)
(15 60 55)
(20 60 55)
(25 60 55)
(30 60 55)
(35 60 55)
(0 65 55)
(5 65 55)
(10 65 55)
(15 65 55)
(20 65 55)
(25 65 55)
(30 65 55)
(35 65 55)
(0 40 60)
(5 40 60)
(10 40 60)
(15 40 60)
(20 40 60)
(25 40 60)
(30 40 60)
(35 40 60)
(0 45 60)
(5 45 60)
(10 45 60)
(15 45 60)
(20 45 60)
(25 45 60)
(30 45 60)
(35 45 60)
(0 50 60)
(5 50 60)
(10 50 60)
(15 50 60)
(20 50 60)
(25 50 60)
(30 50 60)
(35 50 60)
(0 55 60)
(5 55 60)
(10 55 60)
(15 55 60)
(20 55 60)
(25 55 60)
(30 55 60)
(35 55 60)
(0 60 60)
(5 60 60)
(10 60 60)
(15 60 60)
(20 60 60)
(25 60 60)
(30 60 60)
(35 60 60)
(0 65 60)
(5 65 60)
(10 65 60)
(15 65 60)
(20 65 60)
(25 65 60)
(30 65 60)
(35 65 60)
(0 40 65)
(5 40 65)
(10 40 65)
(15 40 65)
(20 40 65)
(25 40 65)
(30 40 65)
(35 40 65)
(0 45 65)
(5 45 65)
(10 45 65)
(15 45 65)
(20 45 65)
(25 45 65)
(30 45 65)
(35 45 65)
(0 50 65)
(5 50 65)
(10 50 65)
(15 50 65)
(20 50 65)
(25 50 65)
(30 50 65)
(35 50 65)
(0 55 65)
(5 55 65)
(10 55 65)
(15 55 65)
(20 55 65)
(25 55 65)
(30 55 65)
(35 55 65)
(0 60 65)
(5 60 65)
(10 60 65)
(15 60 65)
(20 60 65)
(25 60 65)
(30 60 65)
(35 60 65)
(0 65 65)
(5 65 65)
(10 65 65)
(15 65 65)
(20 65 65)
(25 65 65)
(30 65 65)
(35 65 65)
(0 40 70)
(5 40 70)
(10 40 70)
(15 40 70)
(20 40 70)
(25 40 70)
(30 40 70)
(35 40 70)
(0 45 70)
(5 45 70)
(10 45 70)
(15 45 70)
(20 45 70)
(25 45 70)
(30 45 70)
(35 45 70)
(0 50 70)
(5 50 70)
(10 50 70)
(15 50 70)
(20 50 70)
(25 50 70)
(30 50 70)
(35 50 70)
(0 55 70)
(5 55 70)
(10 55 70)
(15 55 70)
(20 55 70)
(25 55 70)
(30 55 70)
(35 55 70)
(0 60 70)
(5 60 70)
(10 60 70)
(15 60 70)
(20 60 70)
(25 60 70)
(30 60 70)
(35 60 70)
(0 65 70)
(5 65 70)
(10 65 70)
(15 65 70)
(20 65 70)
(25 65 70)
(30 65 70)
(35 65 70)
(0 40 75)
(5 40 75)
(10 40 75)
(15 40 75)
(20 40 75)
(25 40 75)
(30 40 75)
(35 40 75)
(0 45 75)
(5 45 75)
(10 45 75)
(15 45 75)
(20 45 75)
(25 45 75)
(30 45 75)
(35 45 75)
(0 50 75)
(5 50 75)
(10 50 75)
(15 50 75)
(20 50 75)
(25 50 75)
(30 50 75)
(35 50 75)
(0 55 75)
(5 55 75)
(10 55 75)
(15 55 75)
(20 55 75)
(25 55 75)
(30 55 75)
(35 55 75)
(0 60 75)
(5 60 75)
(10 60 75)
(15 60 75)
(20 60 75)
(25 60 75)
(30 60 75)
(35 60 75)
(0 65 75)
(5 65 75)
(10 65 75)
(15 65 75)
(20 65 75)
(25 65 75)
(30 65 75)
(35 65 75)
(0 40 80)
(5 40 80)
(10 40 80)
(15 40 80)
(20 40 80)
(25 40 80)
(30 40 80)
(35 40 80)
(0 45 80)
(5 45 80)
(10 45 80)
(15 45 80)
(20 45 80)
(25 45 80)
(30 45 80)
(35 45 80)
(0 50 80)
(5 50 80)
(10 50 80)
(15 50 80)
(20 50 80)
(25 50 80)
(30 50 80)
(35 50 80)
(0 55 80)
(5 55 80)
(10 55 80)
(15 55 80)
(20 55 80)
(25 55 80)
(30 55 80)
(35 55 80)
(0 60 80)
(5 60 80)
(10 60 80)
(15 60 80)
(20 60 80)
(25 60 80)
(30 60 80)
(35 60 80)
(0 65 80)
(5 65 80)
(10 65 80)
(15 65 80)
(20 65 80)
(25 65 80)
(30 65 80)
(35 65 80)
(0 40 85)
(5 40 85)
(10 40 85)
(15 40 85)
(20 40 85)
(25 40 85)
(30 40 85)
(35 40 85)
(0 45 85)
(5 45 85)
(10 45 85)
(15 45 85)
(20 45 85)
(25 45 85)
(30 45 85)
(35 45 85)
(0 50 85)
(5 50 85)
(10 50 85)
(15 50 85)
(20 50 85)
(25 50 85)
(30 50 85)
(35 50 85)
(0 55 85)
(5 55 85)
(10 55 85)
(15 55 85)
(20 55 85)
(25 55 85)
(30 55 85)
(35 55 85)
(0 60 85)
(5 60 85)
(10 60 85)
(15 60 85)
(20 60 85)
(25 60 85)
(30 60 85)
(35 60 85)
(0 65 85)
(5 65 85)
(10 65 85)
(15 65 85)
(20 65 85)
(25 65 85)
(30 65 85)
(35 65 85)
(0 40 90)
(5 40 90)
(10 40 90)
(15 40 90)
(20 40 90)
(25 40 90)
(30 40 90)
(35 40 90)
(0 45 90)
(5 45 90)
(10 45 90)
(15 45 90)
(20 45 90)
(25 45 90)
(30 45 90)
(35 45 90)
(0 50 90)
(5 50 90)
(10 50 90)
(15 50 90)
(20 50 90)
(25 50 90)
(30 50 90)
(35 50 90)
(0 55 90)
(5 55 90)
(10 55 90)
(15 55 90)
(20 55 90)
(25 55 90)
(30 55 90)
(35 55 90)
(0 60 90)
(5 60 90)
(10 60 90)
(15 60 90)
(20 60 90)
(25 60 90)
(30 60 90)
(35 60 90)
(0 65 90)
(5 65 90)
(10 65 90)
(15 65 90)
(20 65 90)
(25 65 90)
(30 65 90)
(35 65 90)
(0 40 95)
(5 40 95)
(10 40 95)
(15 40 95)
(20 40 95)
(25 40 95)
(30 40 95)
(35 40 95)
(0 45 95)
(5 45 95)
(10 45 95)
(15 45 95)
(20 45 95)
(25 45 95)
(30 45 95)
(35 45 95)
(0 50 95)
(5 50 95)
(10 50 95)
(15 50 95)
(20 50 95)
(25 50 95)
(30 50 95)
(35 50 95)
(0 55 95)
(5 55 95)
(10 55 95)
(15 55 95)
(20 55 95)
(25 55 95)
(30 55 95)
(35 55 95)
(0 60 95)
(5 60 95)
(10 60 95)
(15 60 95)
(20 60 95)
(25 60 95)
(30 60 95)
(35 60 95)
(0 65 95)
(5 65 95)
(10 65 95)
(15 65 95)
(20 65 95)
(25 65 95)
(30 65 95)
(35 65 95)
(0 40 100)
(5 40 100)
(10 40 100)
(15 40 100)
(20 40 100)
(25 40 100)
(30 40 100)
(35 40 100)
(0 45 100)
(5 45 100)
(10 45 100)
(15 45 100)
(20 45 100)
(25 45 100)
(30 45 100)
(35 45 100)
(0 50 100)
(5 50 100)
(10 50 100)
(15 50 100)
(20 50 100)
(25 50 100)
(30 50 100)
(35 50 100)
(0 55 100)
(5 55 100)
(10 55 100)
(15 55 100)
(20 55 100)
(25 55 100)
(30 55 100)
(35 55 100)
(0 60 100)
(5 60 100)
(10 60 100)
(15 60 100)
(20 60 100)
(25 60 100)
(30 60 100)
(35 60 100)
(0 65 100)
(5 65 100)
(10 65 100)
(15 65 100)
(20 65 100)
(25 65 100)
(30 65 100)
(35 65 100)
(40 40 50)
(45 40 50)
(50 40 50)
(55 40 50)
(60 40 50)
(40 45 50)
(45 45 50)
(50 45 50)
(55 45 50)
(60 45 50)
(40 50 50)
(45 50 50)
(50 50 50)
(55 50 50)
(60 50 50)
(40 55 50)
(45 55 50)
(50 55 50)
(55 55 50)
(60 55 50)
(40 60 50)
(45 60 50)
(50 60 50)
(55 60 50)
(60 60 50)
(40 40 55)
(45 40 55)
(50 40 55)
(55 40 55)
(60 40 55)
(65 40 55)
(40 45 55)
(45 45 55)
(50 45 55)
(55 45 55)
(60 45 55)
(65 45 55)
(40 50 55)
(45 50 55)
(50 50 55)
(55 50 55)
(60 50 55)
(65 50 55)
(40 55 55)
(45 55 55)
(50 55 55)
(55 55 55)
(60 55 55)
(65 55 55)
(40 60 55)
(45 60 55)
(50 60 55)
(55 60 55)
(60 60 55)
(65 60 55)
(40 65 55)
(45 65 55)
(50 65 55)
(55 65 55)
(60 65 55)
(65 65 55)
(40 40 60)
(45 40 60)
(50 40 60)
(55 40 60)
(60 40 60)
(65 40 60)
(40 45 60)
(45 45 60)
(50 45 60)
(55 45 60)
(60 45 60)
(65 45 60)
(40 50 60)
(45 50 60)
(50 50 60)
(55 50 60)
(60 50 60)
(65 50 60)
(40 55 60)
(45 55 60)
(50 55 60)
(55 55 60)
(60 55 60)
(65 55 60)
(40 60 60)
(45 60 60)
(50 60 60)
(55 60 60)
(60 60 60)
(65 60 60)
(40 65 60)
(45 65 60)
(50 65 60)
(55 65 60)
(60 65 60)
(65 65 60)
(40 40 65)
(45 40 65)
(50 40 65)
(55 40 65)
(60 40 65)
(65 40 65)
(40 45 65)
(45 45 65)
(50 45 65)
(55 45 65)
(60 45 65)
(65 45 65)
(40 50 65)
(45 50 65)
(50 50 65)
(55 50 65)
(60 50 65)
(65 50 65)
(40 55 65)
(45 55 65)
(50 55 65)
(55 55 65)
(60 55 65)
(65 55 65)
(40 60 65)
(45 60 65)
(50 60 65)
(55 60 65)
(60 60 65)
(65 60 65)
(40 65 65)
(45 65 65)
(50 65 65)
(55 65 65)
(60 65 65)
(65 65 65)
(40 40 70)
(45 40 70)
(50 40 70)
(55 40 70)
(60 40 70)
(65 40 70)
(40 45 70)
(45 45 70)
(50 45 70)
(55 45 70)
(60 45 70)
(65 45 70)
(40 50 70)
(45 50 70)
(50 50 70)
(55 50 70)
(60 50 70)
(65 50 70)
(40 55 70)
(45 55 70)
(50 55 70)
(55 55 70)
(60 55 70)
(65 55 70)
(40 60 70)
(45 60 70)
(50 60 70)
(55 60 70)
(60 60 70)
(65 60 70)
(40 65 70)
(45 65 70)
(50 65 70)
(55 65 70)
(60 65 70)
(65 65 70)
(40 40 75)
(45 40 75)
(50 40 75)
(55 40 75)
(60 40 75)
(65 40 75)
(40 45 75)
(45 45 75)
(50 45 75)
(55 45 75)
(60 45 75)
(65 45 75)
(40 50 75)
(45 50 75)
(50 50 75)
(55 50 75)
(60 50 75)
(65 50 75)
(40 55 75)
(45 55 75)
(50 55 75)
(55 55 75)
(60 55 75)
(65 55 75)
(40 60 75)
(45 60 75)
(50 60 75)
(55 60 75)
(60 60 75)
(65 60 75)
(40 65 75)
(45 65 75)
(50 65 75)
(55 65 75)
(60 65 75)
(65 65 75)
(40 40 80)
(45 40 80)
(50 40 80)
(55 40 80)
(60 40 80)
(65 40 80)
(40 45 80)
(45 45 80)
(50 45 80)
(55 45 80)
(60 45 80)
(65 45 80)
(40 50 80)
(45 50 80)
(50 50 80)
(55 50 80)
(60 50 80)
(65 50 80)
(40 55 80)
(45 55 80)
(50 55 80)
(55 55 80)
(60 55 80)
(65 55 80)
(40 60 80)
(45 60 80)
(50 60 80)
(55 60 80)
(60 60 80)
(65 60 80)
(40 65 80)
(45 65 80)
(50 65 80)
(55 65 80)
(60 65 80)
(65 65 80)
(40 40 85)
(45 40 85)
(50 40 85)
(55 40 85)
(60 40 85)
(65 40 85)
(40 45 85)
(45 45 85)
(50 45 85)
(55 45 85)
(60 45 85)
(65 45 85)
(40 50 85)
(45 50 85)
(50 50 85)
(55 50 85)
(60 50 85)
(65 50 85)
(40 55 85)
(45 55 85)
(50 55 85)
(55 55 85)
(60 55 85)
(65 55 85)
(40 60 85)
(45 60 85)
(50 60 85)
(55 60 85)
(60 60 85)
(65 60 85)
(40 65 85)
(45 65 85)
(50 65 85)
(55 65 85)
(60 65 85)
(65 65 85)
(40 40 90)
(45 40 90)
(50 40 90)
(55 40 90)
(60 40 90)
(65 40 90)
(40 45 90)
(45 45 90)
(50 45 90)
(55 45 90)
(60 45 90)
(65 45 90)
(40 50 90)
(45 50 90)
(50 50 90)
(55 50 90)
(60 50 90)
(65 50 90)
(40 55 90)
(45 55 90)
(50 55 90)
(55 55 90)
(60 55 90)
(65 55 90)
(40 60 90)
(45 60 90)
(50 60 90)
(55 60 90)
(60 60 90)
(65 60 90)
(40 65 90)
(45 65 90)
(50 65 90)
(55 65 90)
(60 65 90)
(65 65 90)
(40 40 95)
(45 40 95)
(50 40 95)
(55 40 95)
(60 40 95)
(65 40 95)
(40 45 95)
(45 45 95)
(50 45 95)
(55 45 95)
(60 45 95)
(65 45 95)
(40 50 95)
(45 50 95)
(50 50 95)
(55 50 95)
(60 50 95)
(65 50 95)
(40 55 95)
(45 55 95)
(50 55 95)
(55 55 95)
(60 55 95)
(65 55 95)
(40 60 95)
(45 60 95)
(50 60 95)
(55 60 95)
(60 60 95)
(65 60 95)
(40 65 95)
(45 65 95)
(50 65 95)
(55 65 95)
(60 65 95)
(65 65 95)
(40 40 100)
(45 40 100)
(50 40 100)
(55 40 100)
(60 40 100)
(65 40 100)
(40 45 100)
(45 45 100)
(50 45 100)
(55 45 100)
(60 45 100)
(65 45 100)
(40 50 100)
(45 50 100)
(50 50 100)
(55 50 100)
(60 50 100)
(65 50 100)
(40 55 100)
(45 55 100)
(50 55 100)
(55 55 100)
(60 55 100)
(65 55 100)
(40 60 100)
(45 60 100)
(50 60 100)
(55 60 100)
(60 60 100)
(65 60 100)
(40 65 100)
(45 65 100)
(50 65 100)
(55 65 100)
(60 65 100)
(65 65 100)
(70 40 55)
(75 40 55)
(80 40 55)
(85 40 55)
(90 40 55)
(95 40 55)
(100 40 55)
(70 45 55)
(75 45 55)
(80 45 55)
(85 45 55)
(90 45 55)
(95 45 55)
(100 45 55)
(70 50 55)
(75 50 55)
(80 50 55)
(85 50 55)
(90 50 55)
(95 50 55)
(100 50 55)
(70 55 55)
(75 55 55)
(80 55 55)
(85 55 55)
(90 55 55)
(95 55 55)
(100 55 55)
(70 60 55)
(75 60 55)
(80 60 55)
(85 60 55)
(90 60 55)
(95 60 55)
(100 60 55)
(70 65 55)
(75 65 55)
(80 65 55)
(85 65 55)
(90 65 55)
(95 65 55)
(100 65 55)
(70 40 60)
(75 40 60)
(80 40 60)
(85 40 60)
(90 40 60)
(95 40 60)
(100 40 60)
(70 45 60)
(75 45 60)
(80 45 60)
(85 45 60)
(90 45 60)
(95 45 60)
(100 45 60)
(70 50 60)
(75 50 60)
(80 50 60)
(85 50 60)
(90 50 60)
(95 50 60)
(100 50 60)
(70 55 60)
(75 55 60)
(80 55 60)
(85 55 60)
(90 55 60)
(95 55 60)
(100 55 60)
(70 60 60)
(75 60 60)
(80 60 60)
(85 60 60)
(90 60 60)
(95 60 60)
(100 60 60)
(70 65 60)
(75 65 60)
(80 65 60)
(85 65 60)
(90 65 60)
(95 65 60)
(100 65 60)
(70 40 65)
(75 40 65)
(80 40 65)
(85 40 65)
(90 40 65)
(95 40 65)
(100 40 65)
(70 45 65)
(75 45 65)
(80 45 65)
(85 45 65)
(90 45 65)
(95 45 65)
(100 45 65)
(70 50 65)
(75 50 65)
(80 50 65)
(85 50 65)
(90 50 65)
(95 50 65)
(100 50 65)
(70 55 65)
(75 55 65)
(80 55 65)
(85 55 65)
(90 55 65)
(95 55 65)
(100 55 65)
(70 60 65)
(75 60 65)
(80 60 65)
(85 60 65)
(90 60 65)
(95 60 65)
(100 60 65)
(70 65 65)
(75 65 65)
(80 65 65)
(85 65 65)
(90 65 65)
(95 65 65)
(100 65 65)
(70 40 70)
(75 40 70)
(80 40 70)
(85 40 70)
(90 40 70)
(95 40 70)
(100 40 70)
(70 45 70)
(75 45 70)
(80 45 70)
(85 45 70)
(90 45 70)
(95 45 70)
(100 45 70)
(70 50 70)
(75 50 70)
(80 50 70)
(85 50 70)
(90 50 70)
(95 50 70)
(100 50 70)
(70 55 70)
(75 55 70)
(80 55 70)
(85 55 70)
(90 55 70)
(95 55 70)
(100 55 70)
(70 60 70)
(75 60 70)
(80 60 70)
(85 60 70)
(90 60 70)
(95 60 70)
(100 60 70)
(70 65 70)
(75 65 70)
(80 65 70)
(85 65 70)
(90 65 70)
(95 65 70)
(100 65 70)
(70 40 75)
(75 40 75)
(80 40 75)
(85 40 75)
(90 40 75)
(95 40 75)
(100 40 75)
(70 45 75)
(75 45 75)
(80 45 75)
(85 45 75)
(90 45 75)
(95 45 75)
(100 45 75)
(70 50 75)
(75 50 75)
(80 50 75)
(85 50 75)
(90 50 75)
(95 50 75)
(100 50 75)
(70 55 75)
(75 55 75)
(80 55 75)
(85 55 75)
(90 55 75)
(95 55 75)
(100 55 75)
(70 60 75)
(75 60 75)
(80 60 75)
(85 60 75)
(90 60 75)
(95 60 75)
(100 60 75)
(70 65 75)
(75 65 75)
(80 65 75)
(85 65 75)
(90 65 75)
(95 65 75)
(100 65 75)
(70 40 80)
(75 40 80)
(80 40 80)
(85 40 80)
(90 40 80)
(95 40 80)
(100 40 80)
(70 45 80)
(75 45 80)
(80 45 80)
(85 45 80)
(90 45 80)
(95 45 80)
(100 45 80)
(70 50 80)
(75 50 80)
(80 50 80)
(85 50 80)
(90 50 80)
(95 50 80)
(100 50 80)
(70 55 80)
(75 55 80)
(80 55 80)
(85 55 80)
(90 55 80)
(95 55 80)
(100 55 80)
(70 60 80)
(75 60 80)
(80 60 80)
(85 60 80)
(90 60 80)
(95 60 80)
(100 60 80)
(70 65 80)
(75 65 80)
(80 65 80)
(85 65 80)
(90 65 80)
(95 65 80)
(100 65 80)
(70 40 85)
(75 40 85)
(80 40 85)
(85 40 85)
(90 40 85)
(95 40 85)
(100 40 85)
(70 45 85)
(75 45 85)
(80 45 85)
(85 45 85)
(90 45 85)
(95 45 85)
(100 45 85)
(70 50 85)
(75 50 85)
(80 50 85)
(85 50 85)
(90 50 85)
(95 50 85)
(100 50 85)
(70 55 85)
(75 55 85)
(80 55 85)
(85 55 85)
(90 55 85)
(95 55 85)
(100 55 85)
(70 60 85)
(75 60 85)
(80 60 85)
(85 60 85)
(90 60 85)
(95 60 85)
(100 60 85)
(70 65 85)
(75 65 85)
(80 65 85)
(85 65 85)
(90 65 85)
(95 65 85)
(100 65 85)
(70 40 90)
(75 40 90)
(80 40 90)
(85 40 90)
(90 40 90)
(95 40 90)
(100 40 90)
(70 45 90)
(75 45 90)
(80 45 90)
(85 45 90)
(90 45 90)
(95 45 90)
(100 45 90)
(70 50 90)
(75 50 90)
(80 50 90)
(85 50 90)
(90 50 90)
(95 50 90)
(100 50 90)
(70 55 90)
(75 55 90)
(80 55 90)
(85 55 90)
(90 55 90)
(95 55 90)
(100 55 90)
(70 60 90)
(75 60 90)
(80 60 90)
(85 60 90)
(90 60 90)
(95 60 90)
(100 60 90)
(70 65 90)
(75 65 90)
(80 65 90)
(85 65 90)
(90 65 90)
(95 65 90)
(100 65 90)
(70 40 95)
(75 40 95)
(80 40 95)
(85 40 95)
(90 40 95)
(95 40 95)
(100 40 95)
(70 45 95)
(75 45 95)
(80 45 95)
(85 45 95)
(90 45 95)
(95 45 95)
(100 45 95)
(70 50 95)
(75 50 95)
(80 50 95)
(85 50 95)
(90 50 95)
(95 50 95)
(100 50 95)
(70 55 95)
(75 55 95)
(80 55 95)
(85 55 95)
(90 55 95)
(95 55 95)
(100 55 95)
(70 60 95)
(75 60 95)
(80 60 95)
(85 60 95)
(90 60 95)
(95 60 95)
(100 60 95)
(70 65 95)
(75 65 95)
(80 65 95)
(85 65 95)
(90 65 95)
(95 65 95)
(100 65 95)
(70 40 100)
(75 40 100)
(80 40 100)
(85 40 100)
(90 40 100)
(95 40 100)
(100 40 100)
(70 45 100)
(75 45 100)
(80 45 100)
(85 45 100)
(90 45 100)
(95 45 100)
(100 45 100)
(70 50 100)
(75 50 100)
(80 50 100)
(85 50 100)
(90 50 100)
(95 50 100)
(100 50 100)
(70 55 100)
(75 55 100)
(80 55 100)
(85 55 100)
(90 55 100)
(95 55 100)
(100 55 100)
(70 60 100)
(75 60 100)
(80 60 100)
(85 60 100)
(90 60 100)
(95 60 100)
(100 60 100)
(70 65 100)
(75 65 100)
(80 65 100)
(85 65 100)
(90 65 100)
(95 65 100)
(100 65 100)
(0 70 55)
(5 70 55)
(10 70 55)
(15 70 55)
(20 70 55)
(25 70 55)
(30 70 55)
(35 70 55)
(0 75 55)
(5 75 55)
(10 75 55)
(15 75 55)
(20 75 55)
(25 75 55)
(30 75 55)
(35 75 55)
(0 80 55)
(5 80 55)
(10 80 55)
(15 80 55)
(20 80 55)
(25 80 55)
(30 80 55)
(35 80 55)
(0 85 55)
(5 85 55)
(10 85 55)
(15 85 55)
(20 85 55)
(25 85 55)
(30 85 55)
(35 85 55)
(0 90 55)
(5 90 55)
(10 90 55)
(15 90 55)
(20 90 55)
(25 90 55)
(30 90 55)
(35 90 55)
(0 95 55)
(5 95 55)
(10 95 55)
(15 95 55)
(20 95 55)
(25 95 55)
(30 95 55)
(35 95 55)
(0 100 55)
(5 100 55)
(10 100 55)
(15 100 55)
(20 100 55)
(25 100 55)
(30 100 55)
(35 100 55)
(0 70 60)
(5 70 60)
(10 70 60)
(15 70 60)
(20 70 60)
(25 70 60)
(30 70 60)
(35 70 60)
(0 75 60)
(5 75 60)
(10 75 60)
(15 75 60)
(20 75 60)
(25 75 60)
(30 75 60)
(35 75 60)
(0 80 60)
(5 80 60)
(10 80 60)
(15 80 60)
(20 80 60)
(25 80 60)
(30 80 60)
(35 80 60)
(0 85 60)
(5 85 60)
(10 85 60)
(15 85 60)
(20 85 60)
(25 85 60)
(30 85 60)
(35 85 60)
(0 90 60)
(5 90 60)
(10 90 60)
(15 90 60)
(20 90 60)
(25 90 60)
(30 90 60)
(35 90 60)
(0 95 60)
(5 95 60)
(10 95 60)
(15 95 60)
(20 95 60)
(25 95 60)
(30 95 60)
(35 95 60)
(0 100 60)
(5 100 60)
(10 100 60)
(15 100 60)
(20 100 60)
(25 100 60)
(30 100 60)
(35 100 60)
(0 70 65)
(5 70 65)
(10 70 65)
(15 70 65)
(20 70 65)
(25 70 65)
(30 70 65)
(35 70 65)
(0 75 65)
(5 75 65)
(10 75 65)
(15 75 65)
(20 75 65)
(25 75 65)
(30 75 65)
(35 75 65)
(0 80 65)
(5 80 65)
(10 80 65)
(15 80 65)
(20 80 65)
(25 80 65)
(30 80 65)
(35 80 65)
(0 85 65)
(5 85 65)
(10 85 65)
(15 85 65)
(20 85 65)
(25 85 65)
(30 85 65)
(35 85 65)
(0 90 65)
(5 90 65)
(10 90 65)
(15 90 65)
(20 90 65)
(25 90 65)
(30 90 65)
(35 90 65)
(0 95 65)
(5 95 65)
(10 95 65)
(15 95 65)
(20 95 65)
(25 95 65)
(30 95 65)
(35 95 65)
(0 100 65)
(5 100 65)
(10 100 65)
(15 100 65)
(20 100 65)
(25 100 65)
(30 100 65)
(35 100 65)
(0 70 70)
(5 70 70)
(10 70 70)
(15 70 70)
(20 70 70)
(25 70 70)
(30 70 70)
(35 70 70)
(0 75 70)
(5 75 70)
(10 75 70)
(15 75 70)
(20 75 70)
(25 75 70)
(30 75 70)
(35 75 70)
(0 80 70)
(5 80 70)
(10 80 70)
(15 80 70)
(20 80 70)
(25 80 70)
(30 80 70)
(35 80 70)
(0 85 70)
(5 85 70)
(10 85 70)
(15 85 70)
(20 85 70)
(25 85 70)
(30 85 70)
(35 85 70)
(0 90 70)
(5 90 70)
(10 90 70)
(15 90 70)
(20 90 70)
(25 90 70)
(30 90 70)
(35 90 70)
(0 95 70)
(5 95 70)
(10 95 70)
(15 95 70)
(20 95 70)
(25 95 70)
(30 95 70)
(35 95 70)
(0 100 70)
(5 100 70)
(10 100 70)
(15 100 70)
(20 100 70)
(25 100 70)
(30 100 70)
(35 100 70)
(0 70 75)
(5 70 75)
(10 70 75)
(15 70 75)
(20 70 75)
(25 70 75)
(30 70 75)
(35 70 75)
(0 75 75)
(5 75 75)
(10 75 75)
(15 75 75)
(20 75 75)
(25 75 75)
(30 75 75)
(35 75 75)
(0 80 75)
(5 80 75)
(10 80 75)
(15 80 75)
(20 80 75)
(25 80 75)
(30 80 75)
(35 80 75)
(0 85 75)
(5 85 75)
(10 85 75)
(15 85 75)
(20 85 75)
(25 85 75)
(30 85 75)
(35 85 75)
(0 90 75)
(5 90 75)
(10 90 75)
(15 90 75)
(20 90 75)
(25 90 75)
(30 90 75)
(35 90 75)
(0 95 75)
(5 95 75)
(10 95 75)
(15 95 75)
(20 95 75)
(25 95 75)
(30 95 75)
(35 95 75)
(0 100 75)
(5 100 75)
(10 100 75)
(15 100 75)
(20 100 75)
(25 100 75)
(30 100 75)
(35 100 75)
(0 70 80)
(5 70 80)
(10 70 80)
(15 70 80)
(20 70 80)
(25 70 80)
(30 70 80)
(35 70 80)
(0 75 80)
(5 75 80)
(10 75 80)
(15 75 80)
(20 75 80)
(25 75 80)
(30 75 80)
(35 75 80)
(0 80 80)
(5 80 80)
(10 80 80)
(15 80 80)
(20 80 80)
(25 80 80)
(30 80 80)
(35 80 80)
(0 85 80)
(5 85 80)
(10 85 80)
(15 85 80)
(20 85 80)
(25 85 80)
(30 85 80)
(35 85 80)
(0 90 80)
(5 90 80)
(10 90 80)
(15 90 80)
(20 90 80)
(25 90 80)
(30 90 80)
(35 90 80)
(0 95 80)
(5 95 80)
(10 95 80)
(15 95 80)
(20 95 80)
(25 95 80)
(30 95 80)
(35 95 80)
(0 100 80)
(5 100 80)
(10 100 80)
(15 100 80)
(20 100 80)
(25 100 80)
(30 100 80)
(35 100 80)
(0 70 85)
(5 70 85)
(10 70 85)
(15 70 85)
(20 70 85)
(25 70 85)
(30 70 85)
(35 70 85)
(0 75 85)
(5 75 85)
(10 75 85)
(15 75 85)
(20 75 85)
(25 75 85)
(30 75 85)
(35 75 85)
(0 80 85)
(5 80 85)
(10 80 85)
(15 80 85)
(20 80 85)
(25 80 85)
(30 80 85)
(35 80 85)
(0 85 85)
(5 85 85)
(10 85 85)
(15 85 85)
(20 85 85)
(25 85 85)
(30 85 85)
(35 85 85)
(0 90 85)
(5 90 85)
(10 90 85)
(15 90 85)
(20 90 85)
(25 90 85)
(30 90 85)
(35 90 85)
(0 95 85)
(5 95 85)
(10 95 85)
(15 95 85)
(20 95 85)
(25 95 85)
(30 95 85)
(35 95 85)
(0 100 85)
(5 100 85)
(10 100 85)
(15 100 85)
(20 100 85)
(25 100 85)
(30 100 85)
(35 100 85)
(0 70 90)
(5 70 90)
(10 70 90)
(15 70 90)
(20 70 90)
(25 70 90)
(30 70 90)
(35 70 90)
(0 75 90)
(5 75 90)
(10 75 90)
(15 75 90)
(20 75 90)
(25 75 90)
(30 75 90)
(35 75 90)
(0 80 90)
(5 80 90)
(10 80 90)
(15 80 90)
(20 80 90)
(25 80 90)
(30 80 90)
(35 80 90)
(0 85 90)
(5 85 90)
(10 85 90)
(15 85 90)
(20 85 90)
(25 85 90)
(30 85 90)
(35 85 90)
(0 90 90)
(5 90 90)
(10 90 90)
(15 90 90)
(20 90 90)
(25 90 90)
(30 90 90)
(35 90 90)
(0 95 90)
(5 95 90)
(10 95 90)
(15 95 90)
(20 95 90)
(25 95 90)
(30 95 90)
(35 95 90)
(0 100 90)
(5 100 90)
(10 100 90)
(15 100 90)
(20 100 90)
(25 100 90)
(30 100 90)
(35 100 90)
(0 70 95)
(5 70 95)
(10 70 95)
(15 70 95)
(20 70 95)
(25 70 95)
(30 70 95)
(35 70 95)
(0 75 95)
(5 75 95)
(10 75 95)
(15 75 95)
(20 75 95)
(25 75 95)
(30 75 95)
(35 75 95)
(0 80 95)
(5 80 95)
(10 80 95)
(15 80 95)
(20 80 95)
(25 80 95)
(30 80 95)
(35 80 95)
(0 85 95)
(5 85 95)
(10 85 95)
(15 85 95)
(20 85 95)
(25 85 95)
(30 85 95)
(35 85 95)
(0 90 95)
(5 90 95)
(10 90 95)
(15 90 95)
(20 90 95)
(25 90 95)
(30 90 95)
(35 90 95)
(0 95 95)
(5 95 95)
(10 95 95)
(15 95 95)
(20 95 95)
(25 95 95)
(30 95 95)
(35 95 95)
(0 100 95)
(5 100 95)
(10 100 95)
(15 100 95)
(20 100 95)
(25 100 95)
(30 100 95)
(35 100 95)
(0 70 100)
(5 70 100)
(10 70 100)
(15 70 100)
(20 70 100)
(25 70 100)
(30 70 100)
(35 70 100)
(0 75 100)
(5 75 100)
(10 75 100)
(15 75 100)
(20 75 100)
(25 75 100)
(30 75 100)
(35 75 100)
(0 80 100)
(5 80 100)
(10 80 100)
(15 80 100)
(20 80 100)
(25 80 100)
(30 80 100)
(35 80 100)
(0 85 100)
(5 85 100)
(10 85 100)
(15 85 100)
(20 85 100)
(25 85 100)
(30 85 100)
(35 85 100)
(0 90 100)
(5 90 100)
(10 90 100)
(15 90 100)
(20 90 100)
(25 90 100)
(30 90 100)
(35 90 100)
(0 95 100)
(5 95 100)
(10 95 100)
(15 95 100)
(20 95 100)
(25 95 100)
(30 95 100)
(35 95 100)
(0 100 100)
(5 100 100)
(10 100 100)
(15 100 100)
(20 100 100)
(25 100 100)
(30 100 100)
(35 100 100)
(40 70 55)
(45 70 55)
(50 70 55)
(55 70 55)
(60 70 55)
(65 70 55)
(40 75 55)
(45 75 55)
(50 75 55)
(55 75 55)
(60 75 55)
(65 75 55)
(40 80 55)
(45 80 55)
(50 80 55)
(55 80 55)
(60 80 55)
(65 80 55)
(40 85 55)
(45 85 55)
(50 85 55)
(55 85 55)
(60 85 55)
(65 85 55)
(40 90 55)
(45 90 55)
(50 90 55)
(55 90 55)
(60 90 55)
(65 90 55)
(40 95 55)
(45 95 55)
(50 95 55)
(55 95 55)
(60 95 55)
(65 95 55)
(40 100 55)
(45 100 55)
(50 100 55)
(55 100 55)
(60 100 55)
(65 100 55)
(40 70 60)
(45 70 60)
(50 70 60)
(55 70 60)
(60 70 60)
(65 70 60)
(40 75 60)
(45 75 60)
(50 75 60)
(55 75 60)
(60 75 60)
(65 75 60)
(40 80 60)
(45 80 60)
(50 80 60)
(55 80 60)
(60 80 60)
(65 80 60)
(40 85 60)
(45 85 60)
(50 85 60)
(55 85 60)
(60 85 60)
(65 85 60)
(40 90 60)
(45 90 60)
(50 90 60)
(55 90 60)
(60 90 60)
(65 90 60)
(40 95 60)
(45 95 60)
(50 95 60)
(55 95 60)
(60 95 60)
(65 95 60)
(40 100 60)
(45 100 60)
(50 100 60)
(55 100 60)
(60 100 60)
(65 100 60)
(40 70 65)
(45 70 65)
(50 70 65)
(55 70 65)
(60 70 65)
(65 70 65)
(40 75 65)
(45 75 65)
(50 75 65)
(55 75 65)
(60 75 65)
(65 75 65)
(40 80 65)
(45 80 65)
(50 80 65)
(55 80 65)
(60 80 65)
(65 80 65)
(40 85 65)
(45 85 65)
(50 85 65)
(55 85 65)
(60 85 65)
(65 85 65)
(40 90 65)
(45 90 65)
(50 90 65)
(55 90 65)
(60 90 65)
(65 90 65)
(40 95 65)
(45 95 65)
(50 95 65)
(55 95 65)
(60 95 65)
(65 95 65)
(40 100 65)
(45 100 65)
(50 100 65)
(55 100 65)
(60 100 65)
(65 100 65)
(40 70 70)
(45 70 70)
(50 70 70)
(55 70 70)
(60 70 70)
(65 70 70)
(40 75 70)
(45 75 70)
(50 75 70)
(55 75 70)
(60 75 70)
(65 75 70)
(40 80 70)
(45 80 70)
(50 80 70)
(55 80 70)
(60 80 70)
(65 80 70)
(40 85 70)
(45 85 70)
(50 85 70)
(55 85 70)
(60 85 70)
(65 85 70)
(40 90 70)
(45 90 70)
(50 90 70)
(55 90 70)
(60 90 70)
(65 90 70)
(40 95 70)
(45 95 70)
(50 95 70)
(55 95 70)
(60 95 70)
(65 95 70)
(40 100 70)
(45 100 70)
(50 100 70)
(55 100 70)
(60 100 70)
(65 100 70)
(40 70 75)
(45 70 75)
(50 70 75)
(55 70 75)
(60 70 75)
(65 70 75)
(40 75 75)
(45 75 75)
(50 75 75)
(55 75 75)
(60 75 75)
(65 75 75)
(40 80 75)
(45 80 75)
(50 80 75)
(55 80 75)
(60 80 75)
(65 80 75)
(40 85 75)
(45 85 75)
(50 85 75)
(55 85 75)
(60 85 75)
(65 85 75)
(40 90 75)
(45 90 75)
(50 90 75)
(55 90 75)
(60 90 75)
(65 90 75)
(40 95 75)
(45 95 75)
(50 95 75)
(55 95 75)
(60 95 75)
(65 95 75)
(40 100 75)
(45 100 75)
(50 100 75)
(55 100 75)
(60 100 75)
(65 100 75)
(40 70 80)
(45 70 80)
(50 70 80)
(55 70 80)
(60 70 80)
(65 70 80)
(40 75 80)
(45 75 80)
(50 75 80)
(55 75 80)
(60 75 80)
(65 75 80)
(40 80 80)
(45 80 80)
(50 80 80)
(55 80 80)
(60 80 80)
(65 80 80)
(40 85 80)
(45 85 80)
(50 85 80)
(55 85 80)
(60 85 80)
(65 85 80)
(40 90 80)
(45 90 80)
(50 90 80)
(55 90 80)
(60 90 80)
(65 90 80)
(40 95 80)
(45 95 80)
(50 95 80)
(55 95 80)
(60 95 80)
(65 95 80)
(40 100 80)
(45 100 80)
(50 100 80)
(55 100 80)
(60 100 80)
(65 100 80)
(40 70 85)
(45 70 85)
(50 70 85)
(55 70 85)
(60 70 85)
(65 70 85)
(40 75 85)
(45 75 85)
(50 75 85)
(55 75 85)
(60 75 85)
(65 75 85)
(40 80 85)
(45 80 85)
(50 80 85)
(55 80 85)
(60 80 85)
(65 80 85)
(40 85 85)
(45 85 85)
(50 85 85)
(55 85 85)
(60 85 85)
(65 85 85)
(40 90 85)
(45 90 85)
(50 90 85)
(55 90 85)
(60 90 85)
(65 90 85)
(40 95 85)
(45 95 85)
(50 95 85)
(55 95 85)
(60 95 85)
(65 95 85)
(40 100 85)
(45 100 85)
(50 100 85)
(55 100 85)
(60 100 85)
(65 100 85)
(40 70 90)
(45 70 90)
(50 70 90)
(55 70 90)
(60 70 90)
(65 70 90)
(40 75 90)
(45 75 90)
(50 75 90)
(55 75 90)
(60 75 90)
(65 75 90)
(40 80 90)
(45 80 90)
(50 80 90)
(55 80 90)
(60 80 90)
(65 80 90)
(40 85 90)
(45 85 90)
(50 85 90)
(55 85 90)
(60 85 90)
(65 85 90)
(40 90 90)
(45 90 90)
(50 90 90)
(55 90 90)
(60 90 90)
(65 90 90)
(40 95 90)
(45 95 90)
(50 95 90)
(55 95 90)
(60 95 90)
(65 95 90)
(40 100 90)
(45 100 90)
(50 100 90)
(55 100 90)
(60 100 90)
(65 100 90)
(40 70 95)
(45 70 95)
(50 70 95)
(55 70 95)
(60 70 95)
(65 70 95)
(40 75 95)
(45 75 95)
(50 75 95)
(55 75 95)
(60 75 95)
(65 75 95)
(40 80 95)
(45 80 95)
(50 80 95)
(55 80 95)
(60 80 95)
(65 80 95)
(40 85 95)
(45 85 95)
(50 85 95)
(55 85 95)
(60 85 95)
(65 85 95)
(40 90 95)
(45 90 95)
(50 90 95)
(55 90 95)
(60 90 95)
(65 90 95)
(40 95 95)
(45 95 95)
(50 95 95)
(55 95 95)
(60 95 95)
(65 95 95)
(40 100 95)
(45 100 95)
(50 100 95)
(55 100 95)
(60 100 95)
(65 100 95)
(40 70 100)
(45 70 100)
(50 70 100)
(55 70 100)
(60 70 100)
(65 70 100)
(40 75 100)
(45 75 100)
(50 75 100)
(55 75 100)
(60 75 100)
(65 75 100)
(40 80 100)
(45 80 100)
(50 80 100)
(55 80 100)
(60 80 100)
(65 80 100)
(40 85 100)
(45 85 100)
(50 85 100)
(55 85 100)
(60 85 100)
(65 85 100)
(40 90 100)
(45 90 100)
(50 90 100)
(55 90 100)
(60 90 100)
(65 90 100)
(40 95 100)
(45 95 100)
(50 95 100)
(55 95 100)
(60 95 100)
(65 95 100)
(40 100 100)
(45 100 100)
(50 100 100)
(55 100 100)
(60 100 100)
(65 100 100)
(70 70 55)
(75 70 55)
(80 70 55)
(85 70 55)
(90 70 55)
(95 70 55)
(100 70 55)
(70 75 55)
(75 75 55)
(80 75 55)
(85 75 55)
(90 75 55)
(95 75 55)
(100 75 55)
(70 80 55)
(75 80 55)
(80 80 55)
(85 80 55)
(90 80 55)
(95 80 55)
(100 80 55)
(70 85 55)
(75 85 55)
(80 85 55)
(85 85 55)
(90 85 55)
(95 85 55)
(100 85 55)
(70 90 55)
(75 90 55)
(80 90 55)
(85 90 55)
(90 90 55)
(95 90 55)
(100 90 55)
(70 95 55)
(75 95 55)
(80 95 55)
(85 95 55)
(90 95 55)
(95 95 55)
(100 95 55)
(70 100 55)
(75 100 55)
(80 100 55)
(85 100 55)
(90 100 55)
(95 100 55)
(100 100 55)
(70 70 60)
(75 70 60)
(80 70 60)
(85 70 60)
(90 70 60)
(95 70 60)
(100 70 60)
(70 75 60)
(75 75 60)
(80 75 60)
(85 75 60)
(90 75 60)
(95 75 60)
(100 75 60)
(70 80 60)
(75 80 60)
(80 80 60)
(85 80 60)
(90 80 60)
(95 80 60)
(100 80 60)
(70 85 60)
(75 85 60)
(80 85 60)
(85 85 60)
(90 85 60)
(95 85 60)
(100 85 60)
(70 90 60)
(75 90 60)
(80 90 60)
(85 90 60)
(90 90 60)
(95 90 60)
(100 90 60)
(70 95 60)
(75 95 60)
(80 95 60)
(85 95 60)
(90 95 60)
(95 95 60)
(100 95 60)
(70 100 60)
(75 100 60)
(80 100 60)
(85 100 60)
(90 100 60)
(95 100 60)
(100 100 60)
(70 70 65)
(75 70 65)
(80 70 65)
(85 70 65)
(90 70 65)
(95 70 65)
(100 70 65)
(70 75 65)
(75 75 65)
(80 75 65)
(85 75 65)
(90 75 65)
(95 75 65)
(100 75 65)
(70 80 65)
(75 80 65)
(80 80 65)
(85 80 65)
(90 80 65)
(95 80 65)
(100 80 65)
(70 85 65)
(75 85 65)
(80 85 65)
(85 85 65)
(90 85 65)
(95 85 65)
(100 85 65)
(70 90 65)
(75 90 65)
(80 90 65)
(85 90 65)
(90 90 65)
(95 90 65)
(100 90 65)
(70 95 65)
(75 95 65)
(80 95 65)
(85 95 65)
(90 95 65)
(95 95 65)
(100 95 65)
(70 100 65)
(75 100 65)
(80 100 65)
(85 100 65)
(90 100 65)
(95 100 65)
(100 100 65)
(70 70 70)
(75 70 70)
(80 70 70)
(85 70 70)
(90 70 70)
(95 70 70)
(100 70 70)
(70 75 70)
(75 75 70)
(80 75 70)
(85 75 70)
(90 75 70)
(95 75 70)
(100 75 70)
(70 80 70)
(75 80 70)
(80 80 70)
(85 80 70)
(90 80 70)
(95 80 70)
(100 80 70)
(70 85 70)
(75 85 70)
(80 85 70)
(85 85 70)
(90 85 70)
(95 85 70)
(100 85 70)
(70 90 70)
(75 90 70)
(80 90 70)
(85 90 70)
(90 90 70)
(95 90 70)
(100 90 70)
(70 95 70)
(75 95 70)
(80 95 70)
(85 95 70)
(90 95 70)
(95 95 70)
(100 95 70)
(70 100 70)
(75 100 70)
(80 100 70)
(85 100 70)
(90 100 70)
(95 100 70)
(100 100 70)
(70 70 75)
(75 70 75)
(80 70 75)
(85 70 75)
(90 70 75)
(95 70 75)
(100 70 75)
(70 75 75)
(75 75 75)
(80 75 75)
(85 75 75)
(90 75 75)
(95 75 75)
(100 75 75)
(70 80 75)
(75 80 75)
(80 80 75)
(85 80 75)
(90 80 75)
(95 80 75)
(100 80 75)
(70 85 75)
(75 85 75)
(80 85 75)
(85 85 75)
(90 85 75)
(95 85 75)
(100 85 75)
(70 90 75)
(75 90 75)
(80 90 75)
(85 90 75)
(90 90 75)
(95 90 75)
(100 90 75)
(70 95 75)
(75 95 75)
(80 95 75)
(85 95 75)
(90 95 75)
(95 95 75)
(100 95 75)
(70 100 75)
(75 100 75)
(80 100 75)
(85 100 75)
(90 100 75)
(95 100 75)
(100 100 75)
(70 70 80)
(75 70 80)
(80 70 80)
(85 70 80)
(90 70 80)
(95 70 80)
(100 70 80)
(70 75 80)
(75 75 80)
(80 75 80)
(85 75 80)
(90 75 80)
(95 75 80)
(100 75 80)
(70 80 80)
(75 80 80)
(80 80 80)
(85 80 80)
(90 80 80)
(95 80 80)
(100 80 80)
(70 85 80)
(75 85 80)
(80 85 80)
(85 85 80)
(90 85 80)
(95 85 80)
(100 85 80)
(70 90 80)
(75 90 80)
(80 90 80)
(85 90 80)
(90 90 80)
(95 90 80)
(100 90 80)
(70 95 80)
(75 95 80)
(80 95 80)
(85 95 80)
(90 95 80)
(95 95 80)
(100 95 80)
(70 100 80)
(75 100 80)
(80 100 80)
(85 100 80)
(90 100 80)
(95 100 80)
(100 100 80)
(70 70 85)
(75 70 85)
(80 70 85)
(85 70 85)
(90 70 85)
(95 70 85)
(100 70 85)
(70 75 85)
(75 75 85)
(80 75 85)
(85 75 85)
(90 75 85)
(95 75 85)
(100 75 85)
(70 80 85)
(75 80 85)
(80 80 85)
(85 80 85)
(90 80 85)
(95 80 85)
(100 80 85)
(70 85 85)
(75 85 85)
(80 85 85)
(85 85 85)
(90 85 85)
(95 85 85)
(100 85 85)
(70 90 85)
(75 90 85)
(80 90 85)
(85 90 85)
(90 90 85)
(95 90 85)
(100 90 85)
(70 95 85)
(75 95 85)
(80 95 85)
(85 95 85)
(90 95 85)
(95 95 85)
(100 95 85)
(70 100 85)
(75 100 85)
(80 100 85)
(85 100 85)
(90 100 85)
(95 100 85)
(100 100 85)
(70 70 90)
(75 70 90)
(80 70 90)
(85 70 90)
(90 70 90)
(95 70 90)
(100 70 90)
(70 75 90)
(75 75 90)
(80 75 90)
(85 75 90)
(90 75 90)
(95 75 90)
(100 75 90)
(70 80 90)
(75 80 90)
(80 80 90)
(85 80 90)
(90 80 90)
(95 80 90)
(100 80 90)
(70 85 90)
(75 85 90)
(80 85 90)
(85 85 90)
(90 85 90)
(95 85 90)
(100 85 90)
(70 90 90)
(75 90 90)
(80 90 90)
(85 90 90)
(90 90 90)
(95 90 90)
(100 90 90)
(70 95 90)
(75 95 90)
(80 95 90)
(85 95 90)
(90 95 90)
(95 95 90)
(100 95 90)
(70 100 90)
(75 100 90)
(80 100 90)
(85 100 90)
(90 100 90)
(95 100 90)
(100 100 90)
(70 70 95)
(75 70 95)
(80 70 95)
(85 70 95)
(90 70 95)
(95 70 95)
(100 70 95)
(70 75 95)
(75 75 95)
(80 75 95)
(85 75 95)
(90 75 95)
(95 75 95)
(100 75 95)
(70 80 95)
(75 80 95)
(80 80 95)
(85 80 95)
(90 80 95)
(95 80 95)
(100 80 95)
(70 85 95)
(75 85 95)
(80 85 95)
(85 85 95)
(90 85 95)
(95 85 95)
(100 85 95)
(70 90 95)
(75 90 95)
(80 90 95)
(85 90 95)
(90 90 95)
(95 90 95)
(100 90 95)
(70 95 95)
(75 95 95)
(80 95 95)
(85 95 95)
(90 95 95)
(95 95 95)
(100 95 95)
(70 100 95)
(75 100 95)
(80 100 95)
(85 100 95)
(90 100 95)
(95 100 95)
(100 100 95)
(70 70 100)
(75 70 100)
(80 70 100)
(85 70 100)
(90 70 100)
(95 70 100)
(100 70 100)
(70 75 100)
(75 75 100)
(80 75 100)
(85 75 100)
(90 75 100)
(95 75 100)
(100 75 100)
(70 80 100)
(75 80 100)
(80 80 100)
(85 80 100)
(90 80 100)
(95 80 100)
(100 80 100)
(70 85 100)
(75 85 100)
(80 85 100)
(85 85 100)
(90 85 100)
(95 85 100)
(100 85 100)
(70 90 100)
(75 90 100)
(80 90 100)
(85 90 100)
(90 90 100)
(95 90 100)
(100 90 100)
(70 95 100)
(75 95 100)
(80 95 100)
(85 95 100)
(90 95 100)
(95 95 100)
(100 95 100)
(70 100 100)
(75 100 100)
(80 100 100)
(85 100 100)
(90 100 100)
(95 100 100)
(100 100 100)
)


// ************************************************************************* //
